00:00,39,22,38,320,4
00:05,53,52,1,135,24
00:10,17,4,23,146,2
00:15,6,88,8,41,8
00:20,123,2,26,127,1
00:25,67,89,8,345,8
00:30,69,61,3,42,1
00:35,149,8,3,249,24
00:40,143,73,5,220,8
00:45,84,65,1,53,1
00:50,85,16,3,213,8
00:55,112,55,1,347,24
01:00,108,51,1,361,24
01:05,16,32,1,66,24
01:10,124,43,1,223,24
01:15,120,35,1,56,24
01:20,18,82,1,333,24
01:25,24,85,1,52,1
01:30,64,49,1,228,2
01:35,25,80,1,386,2
01:40,38,71,1,74,1
01:45,9,93,1,368,2
01:50,75,45,1,215,1
01:55,62,19,1,130,1
02:00,32,94,121,84,8
02:01,125,84,22,395,8
02:02,69,57,12,289,2
02:03,111,63,17,300,2
02:04,11,34,22,31,8
02:05,50,57,6,84,1
02:06,18,79,4,386,1
02:07,110,81,20,220,8
02:08,140,38,2,220,24
02:09,16,33,4,81,2
02:10,101,58,2,258,4
02:11,16,39,6,108,4
02:12,118,95,1,92,2
02:13,93,87,2,240,8
02:14,25,16,1,31,24
02:15,29,56,1,6,1
02:16,10,15,1,50,2
02:17,74,66,1,182,8
02:18,11,57,1,337,2
02:19,108,44,1,54,8
02:20,120,69,1,395,24
02:21,14,55,1,400,1
02:22,50,34,1,80,2
02:23,0,49,1,60,8
02:24,127,60,1,22,4
02:25,73,20,1,283,8
02:26,53,27,1,181,24
02:27,115,24,1,176,2
02:28,70,47,1,331,8
02:29,42,73,1,1,8
02:30,137,35,1,377,1
02:31,58,67,1,394,24
02:32,103,34,1,259,4
02:33,88,11,1,10,4
02:34,145,45,1,196,4
02:35,121,57,1,309,24
02:36,93,98,1,279,4
02:37,10,93,1,384,1
02:38,68,86,1,111,8
02:39,112,80,1,344,8
02:40,49,25,1,225,24
02:41,20,13,1,171,8
02:42,44,41,1,341,1
02:43,32,69,1,317,1
02:44,11,27,1,121,24
02:45,29,94,1,229,24
02:46,52,53,1,45,2
02:47,93,82,1,334,8
02:48,39,85,1,184,2
02:49,82,17,1,86,4
02:50,95,80,1,81,4
02:51,11,46,1,18,1
02:52,70,0,1,375,8
02:53,43,10,1,136,1
02:54,108,35,1,42,24
02:55,65,75,1,339,24
02:56,27,34,1,207,24
02:57,45,59,1,67,1
02:58,143,63,1,80,8
02:59,51,15,1,378,2
03:00,26,55,1,362,8
03:01,74,52,1,192,8
03:02,69,60,1,269,24
03:03,35,49,1,288,8
03:04,26,56,1,32,24
03:05,45,59,1,377,24
03:06,20,16,1,106,24
03:07,74,88,1,223,8
03:08,133,58,1,106,1
03:09,19,48,1,71,2
03:10,110,92,1,399,1
03:11,3,71,1,366,1
03:12,77,99,1,369,24
03:13,10,89,1,34,4
03:14,14,37,1,135,8
03:15,94,24,1,327,24
03:16,73,7,1,366,1
03:17,123,42,1,131,24
03:18,1,28,1,104,2
03:19,52,29,1,371,24
03:20,117,47,1,395,8
03:21,1,33,1,4,2
03:22,32,53,1,238,24
03:23,40,37,1,250,24
03:24,102,68,1,240,24
03:25,125,63,1,221,4
03:26,128,58,1,160,2
04:00,44,69,153,111,8
04:01,52,69,84,292,24
04:02,13,56,17,328,2
04:03,68,77,6,306,4
04:04,93,70,52,291,24
04:05,31,32,25,144,4
04:06,128,69,7,212,2
04:07,15,48,6,369,1
04:08,69,39,1,325,8
04:09,1,24,7,340,4
04:10,142,47,4,233,2
04:11,125,34,1,293,24
04:12,119,4,1,375,24
04:13,133,20,1,74,8
04:14,31,31,1,37,8
04:15,18,29,1,110,24
04:16,100,34,1,309,4
04:17,118,86,1,130,24
04:18,110,62,1,318,24
04:19,49,14,1,277,2
04:20,142,56,1,251,24
04:21,141,72,1,13,8
04:22,0,44,1,265,24
04:23,76,5,1,208,8
04:24,55,31,1,42,4
04:25,45,13,1,123,24
04:26,20,25,1,21,1
04:27,60,95,1,62,2
04:28,137,87,1,243,4
04:29,85,4,1,46,4
04:30,66,46,1,244,4
04:31,127,88,1,321,8
04:32,58,43,1,392,4
04:33,82,41,1,390,8
04:34,76,61,1,135,1
04:35,44,90,1,283,4
04:36,83,10,1,202,24
04:37,89,9,1,277,2
04:38,25,6,1,335,1
04:39,78,5,1,60,24
04:40,89,46,1,88,4
04:41,131,85,1,75,4
04:42,24,19,1,252,2
04:43,99,64,1,340,8
04:44,39,96,1,69,1
04:45,25,59,1,90,8
04:46,12,48,1,225,8
04:47,19,89,1,150,4
04:48,42,41,1,321,1
04:49,87,70,1,67,8
04:50,103,98,1,189,1
04:51,59,88,1,82,8
04:52,107,10,1,350,8
04:53,70,61,1,246,1
04:54,15,15,1,130,8
04:55,127,16,1,25,4
04:56,18,88,1,43,1
04:57,125,56,1,133,1
04:58,33,59,1,193,4
04:59,80,39,1,364,8
05:00,71,36,1,44,8
05:01,138,36,1,353,1
05:02,72,15,1,362,2
05:03,2,65,1,300,4
05:04,88,98,1,303,24
06:00,35,52,12,357,4
06:02,135,20,129,169,2
06:04,18,17,57,247,1
06:06,21,92,58,236,8
06:08,107,92,54,229,8
06:10,12,26,27,245,24
06:12,74,96,3,248,8
06:14,31,62,2,334,8
06:16,104,52,9,125,4
06:18,35,47,3,236,8
06:20,45,53,6,322,4
06:22,63,22,3,16,2
06:24,125,91,1,224,4
06:26,38,53,1,364,1
06:28,63,60,1,267,2
06:30,134,96,1,152,4
06:32,111,8,1,383,2
06:34,4,84,1,258,4
06:36,143,76,1,283,4
06:38,54,48,1,211,2
06:40,107,61,1,18,1
06:42,138,76,1,264,24
06:44,83,45,1,139,24
06:46,36,47,1,130,1
06:48,86,63,1,210,1
06:50,136,90,1,198,8
06:52,35,86,1,197,8
06:54,136,7,1,335,4
06:56,12,22,1,375,4
06:58,119,27,1,87,2
07:00,143,52,1,241,8
07:02,69,53,1,242,1
07:04,95,89,1,140,8
07:06,54,41,1,292,1
07:08,94,11,1,344,2
07:10,41,6,1,117,4
07:12,110,36,1,233,24
07:14,51,56,1,308,24
07:16,25,25,1,196,2
07:18,131,58,1,209,4
07:20,104,72,1,310,2
07:22,66,37,1,130,1
08:00,61,74,48,181,24
08:02,49,68,43,151,1
08:04,18,46,7,6,24
08:06,142,80,1,11,1
08:08,72,70,4,99,1
08:10,41,60,2,111,1
08:12,52,24,11,333,1
08:14,136,10,19,191,24
08:16,127,40,1,25,24
08:18,56,75,6,330,2
08:20,49,82,5,76,8
08:22,34,21,3,231,8
08:24,56,33,2,311,24
08:26,134,71,1,357,1
08:28,11,83,1,391,4
08:30,72,43,1,133,24
08:32,25,64,1,162,24
08:34,8,82,1,21,2
08:36,96,40,1,98,24
08:38,26,28,1,377,4
08:40,141,40,1,93,8
08:42,21,61,1,392,8
08:44,107,94,1,253,8
08:46,113,72,1,158,1
08:48,137,69,1,63,8
08:50,78,95,1,298,24
08:52,143,39,1,53,1
08:54,16,33,1,161,2
08:56,148,86,1,52,8
08:58,131,79,1,250,1
09:00,85,27,1,311,24
09:02,39,72,1,64,4
09:04,31,46,1,90,4
09:06,147,73,1,323,4
09:08,147,72,1,32,2
09:10,33,81,1,343,4
09:12,120,67,1,142,1
09:14,95,65,1,371,24
09:16,39,37,1,157,1
09:18,33,46,1,227,1
09:20,123,46,1,348,4
09:22,133,42,1,134,1
09:24,136,41,1,347,1
09:26,81,47,1,177,4
09:28,99,31,1,209,8
09:30,65,72,1,27,8
09:32,104,77,1,327,4
09:34,56,46,1,159,24
09:36,148,13,1,59,2
09:38,139,44,1,205,1
09:40,53,12,1,62,2
10:00,10,7,95,371,1
10:01,137,81,47,328,24
10:02,90,22,1,110,1
10:03,96,67,24,184,1
10:04,74,24,4,333,2
10:05,33,75,16,46,24
10:06,9,70,8,149,1
10:07,28,5,3,105,24
10:08,63,20,4,233,24
10:09,114,5,2,106,2
10:10,135,44,1,132,4
10:11,13,97,1,307,1
10:12,108,63,1,253,24
10:13,102,71,1,367,1
10:14,84,32,1,8,1
10:15,70,55,1,285,1
10:16,70,95,1,334,2
10:17,20,24,1,345,4
10:18,25,5,1,382,8
10:19,129,84,1,243,1
10:20,60,46,1,232,24
10:21,118,14,1,238,2
10:22,130,78,1,195,24
10:23,148,11,1,321,4
10:24,85,88,1,329,4
10:25,85,46,1,393,24
10:26,141,34,1,358,8
10:27,79,11,1,182,1
10:28,38,6,1,316,24
10:29,32,68,1,249,1
10:30,3,71,1,161,2
10:31,103,11,1,141,8
10:32,134,54,1,239,8
10:33,128,45,1,43,1
10:34,101,81,1,291,24
10:35,76,43,1,323,4
10:36,144,84,1,79,8
10:37,61,12,1,122,1
10:38,26,27,1,345,4
10:39,14,44,1,7,8
10:40,61,13,1,298,1
10:41,22,39,1,229,1
10:42,142,28,1,399,4
10:43,68,19,1,100,2
10:44,71,47,1,379,4
10:45,75,34,1,376,2
10:46,4,94,1,3,4
10:47,52,5,1,88,2
10:48,105,46,1,16,24
10:49,57,60,1,257,8
10:50,116,18,1,145,4
10:51,146,95,1,112,2
10:52,48,55,1,119,2
10:53,87,6,1,363,24
10:54,58,77,1,7,24
10:55,12,38,1,281,1
10:56,140,63,1,27,2
10:57,66,15,1,293,2
10:58,138,56,1,273,2
10:59,57,35,1,287,4
11:00,16,0,1,154,4
11:01,119,41,1,299,4
11:02,78,79,1,77,24
11:03,27,32,1,49,8
11:04,137,35,1,274,4
11:05,42,87,1,171,24
11:06,91,73,1,279,4
11:07,72,16,1,89,8
11:08,138,67,1,254,4
11:09,148,62,1,304,8
11:10,63,61,1,349,2
11:11,140,50,1,119,24
11:12,122,95,1,317,2
11:13,149,11,1,57,24
11:14,38,29,1,107,4
11:15,90,25,1,279,8
11:16,85,4,1,138,4
11:17,76,42,1,291,8
11:18,83,82,1,175,4
11:19,51,36,1,53,8
11:20,108,69,1,68,2
11:21,108,92,1,249,1
11:22,96,12,1,117,2
11:23,126,63,1,383,4
11:24,118,49,1,6,2
11:25,112,60,1,74,8
11:26,87,94,1,123,2
11:27,49,79,1,146,8
11:28,70,80,1,319,4
11:29,31,88,1,146,24
11:30,58,75,1,318,8
11:31,95,5,1,362,8
11:32,89,40,1,42,2
11:33,39,76,1,334,24
11:34,11,77,1,9,2
11:35,82,78,1,53,4
11:36,37,45,1,342,2
11:37,107,94,1,108,24
11:38,4,93,1,300,2
11:39,28,7,1,208,2
11:40,41,8,1,78,2
11:41,97,26,1,183,8
11:42,50,76,1,66,8
11:43,104,77,1,136,8
11:44,82,75,1,129,2
12:00,148,87,20,342,4
12:02,32,53,118,38,4
12:04,89,46,58,362,4
12:06,113,65,23,239,2
12:08,21,39,11,377,1
12:10,20,82,2,211,24
12:12,79,26,13,178,2
12:14,33,14,4,134,1
12:16,93,83,1,225,4
12:18,110,21,2,179,4
12:20,68,55,3,161,24
12:22,148,50,2,106,1
12:24,18,66,1,257,24
12:26,71,7,1,10,24
12:28,19,74,1,71,1
12:30,89,45,1,327,4
12:32,104,10,1,123,24
12:34,125,73,1,328,2
12:36,78,6,1,124,2
12:38,100,26,1,324,1
12:40,46,41,1,46,2
12:42,3,77,1,362,1
12:44,71,1,1,358,2
12:46,134,19,1,90,24
12:48,68,14,1,273,8
12:50,75,15,1,314,4
12:52,32,75,1,333,1
12:54,113,65,1,226,2
12:56,149,97,1,382,2
12:58,94,44,1,143,2
13:00,7,65,1,347,4
13:02,74,37,1,372,1
13:04,3,14,1,302,24
13:06,19,25,1,164,24
13:08,15,73,1,72,4
13:10,103,20,1,74,1
13:12,47,0,1,218,24
13:14,28,0,1,209,8
13:16,41,16,1,109,1
13:18,113,50,1,140,2
13:20,105,3,1,92,4
13:22,97,77,1,319,1
13:24,122,30,1,356,24
13:26,21,73,1,340,1
13:28,139,3,1,363,1
13:30,117,1,1,184,1
13:32,66,89,1,134,4
13:34,108,10,1,267,2
13:36,6,55,1,209,4
13:38,111,42,1,355,4
14:00,118,40,118,89,4
14:01,46,64,92,272,4
14:02,34,0,6,395,2
14:03,131,67,26,166,8
14:04,28,10,25,210,8
14:05,38,8,19,57,24
14:06,25,25,2,83,8
14:07,131,25,3,144,24
14:08,51,17,9,16,8
14:09,25,9,4,277,24
14:10,5,98,2,334,8
14:11,10,89,1,259,4
14:12,111,82,2,119,8
14:13,17,16,1,368,4
14:14,120,94,1,211,24
14:15,29,4,1,72,4
14:16,104,0,1,72,8
14:17,38,72,1,160,24
14:18,76,58,1,10,2
14:19,45,89,1,316,4
14:20,139,57,1,382,1
14:21,71,98,1,49,4
14:22,103,5,1,127,24
14:23,75,12,1,350,1
14:24,105,63,1,377,4
14:25,20,82,1,160,24
14:26,15,88,1,111,4
14:27,123,21,1,29,1
14:28,95,65,1,21,2
14:29,113,29,1,74,4
14:30,59,65,1,295,4
14:31,0,74,1,100,8
14:32,81,12,1,240,4
14:33,146,48,1,347,2
14:34,130,92,1,83,4
14:35,65,67,1,163,1
14:36,99,51,1,166,1
14:37,17,56,1,354,2
14:38,131,91,1,226,2
14:39,98,2,1,372,4
14:40,143,58,1,53,24
14:41,131,70,1,266,8
14:42,59,70,1,64,2
14:43,94,79,1,54,2
14:44,91,93,1,185,8
14:45,34,39,1,32,4
14:46,52,94,1,346,8
14:47,110,24,1,149,1
14:48,74,38,1,192,2
14:49,92,0,1,259,1
14:50,27,76,1,237,2
14:51,31,22,1,62,24
14:52,66,90,1,263,4
14:53,136,50,1,286,24
14:54,145,10,1,166,24
14:55,114,77,1,175,8
14:56,83,54,1,217,8
14:57,74,67,1,303,1
14:58,70,64,1,370,8
14:59,47,7,1,387,8
15:00,145,74,1,198,4
15:01,138,6,1,259,24
15:02,23,75,1,142,2
15:03,47,9,1,265,24
15:04,120,33,1,137,8
15:05,129,6,1,6,8
15:06,49,81,1,343,1
15:07,61,19,1,190,8
15:08,39,6,1,207,24
15:09,111,3,1,23,1
15:10,25,50,1,314,2
15:11,71,78,1,365,2
15:12,40,31,1,38,2
15:13,30,37,1,177,1
15:14,112,71,1,388,8
15:15,124,92,1,165,8
15:16,49,37,1,155,4
15:17,50,11,1,354,2
15:18,12,58,1,338,1
15:19,1,26,1,50,24
15:20,123,33,1,393,24
15:21,9,21,1,54,2
15:22,134,71,1,353,24
15:23,7,36,1,274,8
15:24,134,15,1,352,24
15:25,124,16,1,156,1
15:26,53,84,1,319,4
15:27,16,32,1,32,4
15:28,92,18,1,59,8
15:29,8,97,1,143,1
15:30,62,44,1,199,4
15:31,38,7,1,75,4
15:32,11,85,1,263,4
16:00,0,75,326,309,2
16:00,41,11,54,194,8
16:00,107,26,73,370,2
16:00,17,81,109,372,24
16:00,121,8,91,3,8
16:00,132,70,47,151,24
16:00,10,7,5,93,1
16:00,16,14,5,189,1
16:00,1,38,23,170,2
16:00,92,88,1,111,4
16:00,78,18,13,297,1
16:00,20,16,6,346,4
16:00,84,68,2,194,4
16:00,78,68,2,69,8
16:00,116,44,1,369,24
16:00,5,49,1,324,1
16:00,17,19,1,219,8
16:00,133,56,1,119,1
16:00,115,99,1,374,8
16:00,29,94,1,298,8
16:00,113,46,1,362,4
16:00,13,39,1,184,2
16:00,125,48,1,211,8
16:00,51,51,1,381,2
16:00,130,60,1,288,24
16:00,25,78,1,396,8
16:00,139,23,1,148,24
16:00,62,57,1,330,2
16:00,6,29,1,8,4
16:00,48,39,1,65,24
16:00,18,98,1,182,8
16:00,126,53,1,157,1
16:00,1,66,1,112,4
16:00,103,22,1,34,1
16:00,14,21,1,295,1
16:00,95,47,1,20,4
16:00,119,87,1,372,8
16:00,106,88,1,125,4
16:00,132,78,1,387,8
16:00,14,38,1,395,1
16:00,14,43,1,258,8
16:00,60,22,1,255,1
16:00,114,85,1,167,2
16:00,2,45,1,224,24
16:00,23,50,1,120,2
16:00,88,66,1,246,2
16:00,143,52,1,192,1
16:00,88,78,1,127,24
16:00,58,82,1,224,4
16:00,43,9,1,301,1
16:00,84,16,1,316,1
16:00,51,58,1,182,2
16:00,127,98,1,314,24
16:00,140,86,1,322,1
16:00,34,29,1,167,1
16:00,26,13,1,1,2
16:00,1,44,1,273,4
16:00,61,72,1,323,1
16:00,28,60,1,94,24
16:00,67,18,1,46,8
16:00,18,13,1,20,8
16:00,95,16,1,235,24
16:00,112,60,1,78,4
16:00,147,76,1,41,8
16:00,60,7,1,270,4
16:00,141,97,1,393,24
16:00,141,11,1,117,8
16:00,48,57,1,352,4
16:00,54,97,1,364,4
16:00,129,90,1,376,4
16:00,9,9,1,127,8
16:00,78,26,1,95,1
16:00,52,58,1,173,8
16:00,22,95,1,294,2
16:00,25,5,1,233,24
16:00,132,0,1,20,8
16:00,0,26,1,76,2
16:00,108,34,1,257,8
16:00,114,53,1,209,2
16:00,72,52,1,155,2
16:00,61,29,1,311,24
16:00,115,43,1,228,24
16:00,121,89,1,290,4
16:00,119,98,1,50,24
16:00,13,54,1,315,4
16:00,71,71,1,302,24
16:00,21,10,1,155,1
16:00,86,68,1,261,1
16:00,95,1,1,276,4
16:00,122,76,1,346,24
16:00,48,23,1,137,24
16:00,92,32,1,258,2
16:00,24,83,1,272,4
16:00,51,18,1,119,4
16:00,69,15,1,263,8
16:00,36,57,1,6,1
16:00,11,93,1,61,24
16:00,100,58,1,112,2
16:00,60,11,1,116,8
16:00,114,44,1,77,8
16:00,138,56,1,341,1
16:00,132,86,1,132,4
16:00,100,41,1,28,8
16:00,29,88,1,196,2
16:00,11,6,1,88,24
16:00,135,49,1,142,4
16:00,21,2,1,140,8
16:00,52,4,1,153,24
16:00,98,98,1,145,8
16:00,128,15,1,13,8
16:00,17,14,1,242,8
16:00,93,63,1,152,2
16:00,48,50,1,382,8
16:00,17,2,1,333,8
16:00,122,23,1,186,4
16:00,67,12,1,351,4
16:00,93,40,1,204,4
16:00,74,73,1,218,1
16:00,61,29,1,33,4
16:00,68,45,1,379,2
16:00,27,19,1,232,24
16:00,92,32,1,195,2
16:00,107,46,1,164,4
16:00,57,26,1,248,24
16:00,114,62,1,142,8
16:00,32,89,1,148,2
16:00,97,67,1,193,4
16:00,63,90,1,131,4
16:00,26,45,1,157,4
16:00,82,84,1,25,24
16:00,45,56,1,180,8
16:00,128,68,1,74,1
16:00,80,20,1,111,2
16:00,65,22,1,257,1
16:00,0,82,1,378,4
16:00,17,19,1,10,1
16:00,37,74,1,244,24
16:00,134,28,1,200,24
16:00,147,12,1,177,8
16:00,129,22,1,271,1
16:00,13,19,1,232,8
16:00,34,88,1,314,24
16:00,116,9,1,181,8
16:00,69,43,1,167,2
16:00,16,64,1,279,4
16:00,149,98,1,278,8
16:00,130,22,1,227,24
16:00,114,62,1,398,2
16:00,64,38,1,255,2
16:00,18,36,1,168,2
16:00,48,57,1,88,24
16:00,38,38,1,1,4
16:00,119,18,1,381,2
16:00,140,22,1,268,2
16:00,17,3,1,65,4
16:00,96,30,1,30,4
16:00,136,34,1,365,24
16:00,58,9,1,385,2
16:00,76,88,1,188,24
16:00,80,72,1,130,8
16:00,103,17,1,398,4
16:00,121,54,1,227,24
16:00,59,17,1,133,24
16:00,92,93,1,57,24
16:00,42,9,1,379,8
16:00,31,7,1,15,1
16:00,135,33,1,202,1
16:00,27,46,1,385,8
16:00,86,84,1,145,8
16:00,119,12,1,162,8
16:00,77,39,1,166,4
16:00,131,12,1,86,4
16:00,55,13,1,143,2
16:00,76,99,1,120,24
16:00,85,72,1,248,4
16:00,68,51,1,246,24
16:00,57,91,1,240,4
16:00,83,44,1,160,4
16:00,52,54,1,364,1
16:00,96,10,1,205,2
16:00,100,38,1,307,2
16:00,87,8,1,182,2
16:00,25,98,1,143,8
16:00,65,8,1,9,24
16:00,82,86,1,194,2
16:00,84,88,1,295,1
16:00,54,60,1,31,4
16:00,60,39,1,150,1
16:00,112,86,1,349,2
16:00,81,22,1,128,8
16:00,64,46,1,40,24
16:00,3,32,1,386,2
16:00,33,94,1,288,8
16:00,19,46,1,382,8
16:00,10,64,1,263,24
16:00,141,79,1,9,24
16:00,101,75,1,215,2
16:00,132,58,1,270,1
16:00,32,96,1,154,8
16:00,129,67,1,169,1
16:00,3,22,1,32,1
16:00,43,81,1,61,4
16:00,89,86,1,396,24
16:00,126,71,1,382,8
16:00,98,97,1,183,1
16:00,58,59,1,200,2
16:00,52,9,1,364,24
16:00,8,85,1,38,24
16:00,31,51,1,171,4
16:00,83,18,1,380,1
16:00,84,59,1,359,2
16:00,95,50,1,253,1
16:00,61,58,1,263,4
16:00,82,65,1,325,2
16:00,52,87,1,88,24
16:00,149,19,1,81,4
16:00,77,76,1,313,1
16:00,93,44,1,338,4
16:00,126,90,1,382,24
16:00,86,81,1,191,4
16:00,122,40,1,398,2
16:00,67,40,1,208,4
16:00,37,13,1,69,24
16:00,120,64,1,243,4
16:00,57,33,1,35,1
16:00,28,39,1,122,8
16:00,24,36,1,394,1
16:00,42,22,1,74,1
16:00,48,38,1,228,8
16:00,35,49,1,318,2
16:00,33,44,1,155,4
16:00,90,9,1,210,4
16:00,32,42,1,143,24
16:00,91,11,1,393,24
16:00,75,59,1,324,24
16:00,32,28,1,103,24
16:00,138,93,1,193,4
16:00,80,47,1,280,8
16:00,59,90,1,354,8
18:00,104,99,137,199,4
18:00,138,21,125,366,8
18:00,50,5,21,130,1
18:00,112,90,72,27,2
18:00,82,52,17,372,24
18:00,19,22,45,263,24
18:00,45,31,10,235,4
18:00,6,8,31,46,8
18:00,148,1,13,13,1
18:00,125,40,2,353,8
18:00,106,83,7,352,24
18:00,143,87,4,180,24
18:00,48,45,3,80,1
18:00,63,73,6,353,1
18:00,32,77,3,342,2
18:00,0,77,4,277,1
18:00,85,59,2,346,24
18:00,44,8,2,162,4
18:00,33,82,1,29,2
18:00,128,67,1,220,24
18:00,32,99,1,383,4
18:00,63,14,1,22,1
18:00,80,25,1,236,1
18:00,135,45,1,65,2
18:00,117,54,1,43,4
18:00,109,9,1,25,8
18:00,84,17,1,104,8
18:00,119,40,1,314,8
18:00,118,85,1,131,8
18:00,80,65,1,213,4
18:00,64,65,1,335,24
18:00,75,58,1,129,4
18:00,3,78,1,51,24
18:00,141,49,1,23,4
18:00,129,94,1,301,1
18:00,119,76,1,181,24
18:00,116,33,1,122,4
18:00,142,38,1,173,1
18:00,4,50,1,63,1
18:00,60,47,1,19,1
18:00,143,34,1,83,2
18:00,8,75,1,66,24
18:00,114,86,1,386,1
18:00,100,92,1,87,4
18:00,103,4,1,220,2
18:00,133,7,1,276,4
18:00,103,62,1,275,24
18:00,126,96,1,207,4
18:00,101,75,1,1,2
18:00,4,7,1,288,1
18:00,90,76,1,64,8
18:00,78,71,1,215,24
18:00,13,76,1,160,8
18:00,62,38,1,180,4
18:00,13,24,1,357,24
18:00,53,83,1,317,1
18:00,127,0,1,7,8
18:00,84,23,1,235,2
18:00,19,96,1,240,2
18:00,127,21,1,93,4
18:00,33,0,1,272,24
18:00,61,95,1,355,8
18:00,33,5,1,28,4
18:00,123,82,1,53,4
18:00,85,17,1,395,1
18:00,25,69,1,138,8
18:00,48,19,1,312,8
18:00,72,47,1,369,2
18:00,32,9,1,356,2
18:00,86,0,1,123,2
18:00,63,19,1,272,24
18:00,76,28,1,302,8
18:00,26,47,1,231,4
18:00,31,49,1,341,4
18:00,20,32,1,50,24
18:00,85,79,1,171,2
18:00,77,46,1,370,24
18:00,133,7,1,19,8
18:00,52,25,1,138,24
18:00,145,50,1,35,8
18:00,7,89,1,241,4
18:00,139,29,1,371,24
18:00,17,99,1,84,24
18:00,10,48,1,275,4
18:00,135,31,1,211,2
18:00,123,59,1,131,24
18:00,134,24,1,176,1
18:00,4,38,1,169,24
18:00,13,19,1,355,2
18:00,119,35,1,206,1
18:00,142,29,1,248,1
18:00,115,39,1,241,2
18:00,139,96,1,207,2
18:00,0,1,1,323,2
18:00,82,66,1,267,4
18:00,146,15,1,73,24
18:00,50,26,1,100,24
18:00,109,22,1,237,1
18:00,57,9,1,37,24
18:00,40,38,1,45,4
18:00,100,22,1,350,8
18:00,134,68,1,315,4
18:00,115,10,1,323,24
18:00,44,90,1,27,4
18:00,131,77,1,300,24
18:00,56,43,1,40,24
18:00,19,3,1,83,1
18:00,86,88,1,111,2
18:00,103,28,1,265,8
18:00,66,56,1,3,2
18:00,22,92,1,257,1
18:00,57,9,1,167,24
18:00,61,48,1,146,24
18:00,33,40,1,71,24
18:00,20,87,1,378,1
18:00,141,61,1,80,24
18:00,107,14,1,342,2
18:00,46,25,1,371,4
18:00,52,97,1,315,8
18:00,56,7,1,38,24
18:00,101,64,1,96,8
18:00,18,56,1,34,2
18:00,127,86,1,386,1
18:00,70,26,1,38,4
18:00,92,61,1,206,2
18:00,65,96,1,147,4
18:00,25,16,1,139,4
18:00,130,16,1,270,4
18:00,140,91,1,205,1
18:00,44,88,1,354,8
18:00,49,31,1,131,1
18:00,92,46,1,59,4
18:00,99,24,1,378,2
18:00,104,16,1,11,1
18:00,54,57,1,71,8
18:00,30,29,1,377,2
18:00,34,76,1,129,2
18:00,23,2,1,397,8
18:00,19,99,1,5,8
18:00,19,77,1,293,24
18:00,125,71,1,145,24
18:00,35,98,1,291,2
18:00,140,1,1,121,2
18:00,79,1,1,317,2
18:00,136,8,1,389,1
18:00,89,21,1,252,8
18:00,144,13,1,400,24
18:00,21,72,1,78,1
18:00,23,15,1,26,2
18:00,85,44,1,164,2
18:00,112,11,1,295,2
18:00,126,16,1,4,2
18:00,18,89,1,335,8
18:00,113,97,1,120,2
18:00,20,73,1,140,4
18:00,74,10,1,332,1
18:00,106,15,1,143,4
18:00,74,56,1,356,8
18:00,137,27,1,299,1
18:00,7,15,1,261,4
18:00,65,66,1,152,8
18:00,82,79,1,183,24
18:00,68,91,1,113,1
18:00,144,67,1,121,8
18:00,40,3,1,311,4
18:00,15,94,1,77,4
18:00,20,66,1,140,1
18:00,35,73,1,295,4
18:00,29,31,1,360,4
18:00,129,6,1,275,4
18:00,132,92,1,40,24
18:00,104,12,1,28,8
18:00,69,64,1,282,1
18:00,72,80,1,181,4
18:00,148,23,1,386,8
18:00,131,90,1,100,2
18:00,9,53,1,8,8
18:00,121,82,1,178,4
18:00,133,43,1,7,2
18:00,4,76,1,317,2
18:00,28,20,1,336,4
18:00,122,32,1,310,2
18:00,56,6,1,341,2
18:00,134,94,1,147,2
18:00,74,47,1,142,2
18:00,44,40,1,190,24
18:00,95,24,1,136,4
18:00,31,19,1,4,1
18:00,137,10,1,257,1
18:00,46,30,1,151,24
18:00,25,67,1,173,24
18:00,131,74,1,124,2
18:00,136,5,1,212,2
18:00,106,71,1,189,8
18:00,21,60,1,241,2
18:00,115,61,1,249,2
18:00,81,47,1,357,24
18:00,133,44,1,175,24
18:00,111,71,1,18,2
18:00,114,17,1,167,1
18:00,128,64,1,96,1
20:00,104,8,66,217,2
20:01,101,26,31,220,8
20:02,29,25,58,148,8
20:03,130,3,42,217,1
20:04,39,64,26,313,2
20:05,109,42,9,240,4
20:06,68,69,3,281,4
20:07,0,54,8,324,4
20:08,94,34,4,147,1
20:09,114,10,3,166,2
20:10,94,50,1,339,1
20:11,65,38,1,115,8
20:12,61,58,1,159,4
20:13,7,27,1,245,4
20:14,16,45,1,260,4
20:15,9,49,1,332,1
20:16,31,33,1,19,8
20:17,14,92,1,394,4
20:18,103,76,1,47,4
20:19,120,23,1,340,8
20:20,61,94,1,256,8
20:21,70,80,1,37,4
20:22,104,74,1,306,4
20:23,142,93,1,153,8
20:24,15,8,1,51,4
20:25,96,80,1,339,4
20:26,99,13,1,393,8
20:27,115,59,1,104,8
20:28,53,94,1,377,2
20:29,20,25,1,17,1
20:30,15,17,1,337,8
20:31,2,28,1,348,2
20:32,82,75,1,383,8
20:33,147,77,1,156,8
20:34,55,49,1,39,1
20:35,75,35,1,21,1
20:36,26,86,1,97,8
20:37,46,60,1,257,4
20:38,143,70,1,232,2
20:39,114,78,1,206,2
20:40,87,55,1,253,2
20:41,2,23,1,77,4
20:42,36,15,1,114,8
20:43,137,74,1,356,8
20:44,57,78,1,256,2
20:45,24,72,1,13,2
20:46,71,38,1,369,2
20:47,76,60,1,133,4
20:48,98,74,1,103,4
20:49,82,59,1,14,1
20:50,45,23,1,211,24
20:51,43,88,1,158,4
20:52,1,19,1,158,1
20:53,75,81,1,157,2
20:54,142,68,1,259,8
20:55,73,21,1,251,24
20:56,70,6,1,3,24
20:57,20,80,1,263,8
20:58,13,93,1,256,4
20:59,108,90,1,185,4
21:00,33,40,1,243,4
21:01,91,32,1,42,8
21:02,105,57,1,343,4
21:03,102,33,1,294,24
21:04,19,3,1,59,4
21:05,21,15,1,337,24
21:06,42,93,1,307,1
21:07,22,83,1,319,4
21:08,120,14,1,247,4
21:09,7,0,1,138,2
21:10,33,76,1,195,1
21:11,146,33,1,384,8
22:00,4,85,64,131,8
22:02,147,41,2,137,24
22:04,118,99,25,150,24
22:06,92,5,11,140,1
22:08,43,69,9,25,2
22:10,135,50,8,285,2
22:12,62,84,2,347,4
22:14,89,10,1,304,24
22:16,86,66,2,299,4
22:18,148,16,2,239,2
22:20,3,72,1,189,2
22:22,85,97,1,17,8
22:24,11,95,1,111,1
22:26,144,39,1,398,1
22:28,21,74,1,223,4
22:30,105,13,1,250,8
22:32,27,59,1,43,4
22:34,27,79,1,93,4
22:36,70,9,1,165,1
22:38,60,30,1,275,2
22:40,149,74,1,132,24
22:42,87,34,1,28,4
22:44,108,54,1,274,8
22:46,139,92,1,300,2
22:48,31,38,1,109,1
22:50,138,4,1,44,2
22:52,17,86,1,103,24
22:54,76,28,1,135,4
22:56,31,35,1,197,8
22:58,140,31,1,350,2
23:00,7,97,1,195,2
23:02,79,72,1,52,1
23:04,128,58,1,111,24
23:06,119,80,1,387,24
23:08,73,6,1,249,8
23:10,1,99,1,325,2
23:12,89,49,1,282,24
23:14,121,19,1,220,2
23:16,138,36,1,314,2
23:18,114,48,1,43,4
23:20,21,40,1,55,1
23:22,132,66,1,266,8
23:24,70,29,1,181,2
23:26,101,26,1,54,24
23:28,62,76,1,121,4
23:30,100,98,1,366,4
23:32,31,26,1,253,8
23:34,46,92,1,152,2
23:36,16,23,1,144,1
23:38,73,99,1,170,2
