00:00,88,44,38,330,4
00:04,143,15,19,62,2
00:08,148,98,4,217,24
00:12,130,42,7,272,24
00:16,42,22,3,152,24
00:20,29,79,2,94,24
00:24,128,32,1,350,24
00:28,60,10,1,382,4
00:32,94,24,1,347,4
00:36,89,90,1,84,1
00:40,82,26,1,63,1
00:44,94,70,1,265,8
00:48,96,20,1,140,2
00:52,15,46,1,214,24
00:56,35,59,1,56,24
01:00,87,77,1,363,4
01:04,138,99,1,362,1
01:08,50,93,1,60,2
01:12,16,2,1,352,1
01:16,31,29,1,367,2
01:20,83,73,1,396,2
01:24,72,82,1,383,24
01:28,63,51,1,258,1
01:32,69,46,1,123,1
01:36,57,96,1,124,24
01:40,47,57,1,359,4
01:44,81,12,1,150,8
01:48,112,18,1,138,2
01:52,143,61,1,146,8
02:00,2,93,40,93,2
02:01,89,54,21,22,24
02:02,85,97,39,185,2
02:03,27,58,12,299,24
02:04,78,55,19,185,1
02:05,45,20,10,165,8
02:06,121,8,3,239,8
02:07,103,45,4,118,1
02:08,43,18,1,91,8
02:09,3,51,1,62,8
02:10,138,76,1,267,1
02:11,80,73,1,255,4
02:12,128,70,1,159,2
02:13,49,44,1,154,1
02:14,78,67,1,395,8
02:15,114,86,1,82,2
02:16,61,82,1,324,1
02:17,148,86,1,306,2
02:18,30,94,1,8,2
02:19,58,1,1,71,8
02:20,27,73,1,389,4
02:21,139,34,1,227,1
02:22,33,14,1,383,8
02:23,10,59,1,219,24
02:24,147,13,1,270,1
02:25,63,90,1,218,8
02:26,20,39,1,77,24
02:27,113,37,1,124,1
02:28,5,24,1,397,24
02:29,39,62,1,260,2
02:30,105,63,1,64,4
02:31,8,92,1,134,2
02:32,123,37,1,95,24
02:33,30,32,1,222,4
02:34,31,26,1,388,8
02:35,59,8,1,23,8
02:36,128,63,1,160,8
02:37,4,75,1,37,8
02:38,35,38,1,103,1
02:39,137,7,1,76,2
02:40,60,13,1,207,2
02:41,17,2,1,358,4
02:42,89,48,1,52,1
02:43,53,2,1,224,8
02:44,87,38,1,151,4
02:45,19,14,1,190,4
02:46,52,36,1,90,4
02:47,12,94,1,307,8
02:48,35,82,1,246,24
02:49,121,62,1,282,1
02:50,77,44,1,181,24
02:51,61,4,1,400,8
02:52,32,46,1,8,4
02:53,41,17,1,231,2
02:54,146,68,1,354,4
02:55,46,1,1,308,4
02:56,121,59,1,284,8
02:57,12,28,1,98,2
02:58,106,62,1,15,8
02:59,118,61,1,237,1
03:00,137,94,1,205,8
03:01,17,83,1,88,4
03:02,110,90,1,56,1
03:03,35,2,1,376,2
03:04,58,40,1,361,8
03:05,114,11,1,294,8
04:00,115,7,71,354,1
04:01,25,29,33,31,2
04:02,2,5,25,9,8
04:03,67,18,26,216,1
04:04,120,19,8,48,2
04:05,89,81,5,88,2
04:06,17,21,9,174,1
04:07,143,93,18,174,2
04:08,66,96,8,378,1
04:09,67,23,7,247,1
04:10,85,8,6,69,1
04:11,109,71,3,11,4
04:12,118,47,1,107,2
04:13,48,55,4,169,1
04:14,37,40,2,237,2
04:15,42,98,1,28,24
04:16,65,47,1,55,1
04:17,131,71,1,31,8
04:18,18,77,1,378,2
04:19,70,87,1,331,1
04:20,89,54,1,18,8
04:21,48,94,1,208,24
04:22,65,37,1,158,2
04:23,92,96,1,94,8
04:24,133,75,1,273,4
04:25,72,18,1,362,1
04:26,23,63,1,132,8
04:27,30,67,1,96,4
04:28,48,95,1,97,4
04:29,21,92,1,284,1
04:30,142,78,1,361,1
04:31,61,72,1,223,2
04:32,76,73,1,208,1
04:33,109,64,1,272,1
04:34,20,6,1,364,4
04:35,145,16,1,40,24
04:36,35,99,1,186,8
04:37,122,9,1,309,2
04:38,51,72,1,248,4
04:39,40,93,1,73,2
04:40,118,33,1,380,24
04:41,19,90,1,248,1
04:42,16,1,1,139,2
04:43,149,51,1,349,24
04:44,23,26,1,355,8
04:45,40,89,1,149,24
04:46,50,38,1,82,4
04:47,11,55,1,82,2
04:48,136,55,1,173,4
04:49,87,67,1,330,8
04:50,135,57,1,58,4
04:51,120,47,1,150,8
04:52,149,50,1,38,2
04:53,54,0,1,147,8
04:54,100,9,1,95,1
04:55,65,47,1,4,1
04:56,2,56,1,139,4
04:57,52,99,1,238,1
04:58,98,96,1,47,1
04:59,111,76,1,155,4
05:00,102,93,1,201,2
05:01,33,43,1,167,8
05:02,93,60,1,247,8
05:03,79,55,1,342,8
05:04,143,59,1,94,24
05:05,65,46,1,108,24
05:06,127,16,1,372,8
05:07,12,2,1,323,4
05:08,131,51,1,246,4
05:09,54,45,1,153,24
05:10,91,79,1,35,8
05:11,11,26,1,48,24
05:12,79,1,1,254,1
05:13,32,1,1,92,24
05:14,57,60,1,256,1
05:15,122,54,1,168,4
06:00,116,25,101,303,4
06:05,52,14,30,367,2
06:10,52,33,10,90,8
06:15,78,98,20,192,2
06:20,89,97,25,131,1
06:25,107,34,17,288,1
06:30,43,24,4,266,8
06:35,40,39,1,215,8
06:40,121,96,1,255,24
06:45,95,10,6,71,24
06:50,30,73,1,387,24
06:55,90,15,6,343,2
07:00,33,75,3,210,1
07:05,0,87,1,261,24
07:10,108,94,1,163,1
07:15,141,94,1,33,4
07:20,87,78,1,196,24
07:25,29,61,1,47,4
07:30,60,91,1,152,4
07:35,114,84,1,159,2
07:40,138,68,1,348,2
08:00,145,69,1,120,2
08:08,61,54,45,91,8
08:16,33,2,2,55,8
08:24,124,38,24,81,1
08:32,11,92,7,194,8
08:40,125,1,10,84,2
08:48,88,59,5,47,24
08:56,89,7,1,112,1
09:04,12,49,2,66,2
09:12,71,86,1,147,24
09:20,81,91,1,212,8
09:28,82,63,1,39,4
09:36,135,57,1,161,4
09:44,79,23,1,361,4
10:00,88,32,7,389,4
10:02,78,11,42,100,24
10:04,104,72,23,106,4
10:06,19,56,7,392,8
10:08,93,40,2,338,24
10:10,99,32,21,124,4
10:12,5,13,15,22,2
10:14,145,43,5,91,1
10:16,45,37,2,20,2
10:18,14,90,1,231,4
10:20,49,42,2,139,1
10:22,9,5,1,205,4
10:24,137,52,1,391,8
10:26,22,7,1,106,24
10:28,80,71,1,353,1
10:30,11,27,1,38,1
10:32,49,27,1,263,4
10:34,112,18,1,124,2
10:36,116,4,1,2,4
10:38,96,94,1,23,2
10:40,47,42,1,173,24
10:42,53,49,1,41,2
10:44,114,5,1,59,24
10:46,140,86,1,227,4
10:48,67,55,1,114,4
10:50,57,69,1,335,1
10:52,118,20,1,43,24
10:54,128,83,1,103,1
10:56,39,1,1,132,4
10:58,130,67,1,203,2
11:00,89,80,1,14,24
11:02,47,78,1,286,1
11:04,30,83,1,255,4
11:06,149,44,1,361,4
11:08,74,13,1,385,24
11:10,62,13,1,119,4
11:12,37,8,1,304,2
11:14,78,10,1,39,8
11:16,20,53,1,240,8
11:18,133,1,1,318,4
11:20,73,11,1,310,24
11:22,65,12,1,50,24
11:24,148,55,1,74,4
11:26,51,22,1,160,24
11:28,105,89,1,155,1
11:30,83,0,1,103,1
12:00,110,88,60,334,24
12:01,119,57,51,266,2
12:02,10,88,23,387,4
12:03,143,75,4,156,1
12:04,10,45,8,317,4
12:05,0,66,8,313,8
12:06,107,54,2,182,1
12:07,60,8,3,160,8
12:08,86,94,3,146,24
12:09,78,61,1,5,8
12:10,98,5,1,140,2
12:11,34,97,1,216,2
12:12,148,25,1,24,24
12:13,51,3,1,36,1
12:14,21,64,1,381,8
12:15,103,88,1,245,2
12:16,53,87,1,146,2
12:17,84,81,1,159,4
12:18,28,10,1,308,8
12:19,139,19,1,296,8
12:20,49,0,1,196,24
12:21,126,98,1,153,24
12:22,93,74,1,245,2
12:23,123,26,1,2,24
12:24,83,96,1,79,1
12:25,38,25,1,323,1
12:26,35,36,1,143,2
12:27,3,75,1,291,24
12:28,12,52,1,100,2
12:29,48,80,1,269,1
12:30,89,13,1,323,8
12:31,84,34,1,381,4
12:32,134,3,1,292,8
12:33,62,8,1,40,4
12:34,31,70,1,35,4
12:35,105,84,1,274,4
12:36,119,52,1,384,1
12:37,77,94,1,341,1
12:38,13,92,1,48,4
12:39,50,7,1,353,4
12:40,61,16,1,58,24
12:41,36,71,1,150,4
12:42,32,40,1,122,8
12:43,12,87,1,11,2
12:44,118,10,1,177,1
12:45,91,40,1,123,24
12:46,24,92,1,163,4
12:47,138,65,1,115,1
12:48,9,17,1,24,1
12:49,26,77,1,117,8
12:50,125,19,1,219,2
12:51,94,83,1,264,8
12:52,63,42,1,350,4
12:53,7,13,1,294,4
12:54,100,4,1,52,2
12:55,72,90,1,125,24
12:56,106,23,1,118,24
12:57,47,47,1,174,2
12:58,145,83,1,255,4
12:59,25,61,1,321,24
13:00,123,41,1,288,4
13:01,45,93,1,367,24
13:02,139,25,1,252,24
13:03,8,80,1,70,4
13:04,100,1,1,348,2
13:05,138,93,1,72,2
13:06,17,15,1,365,2
13:07,79,37,1,269,2
13:08,26,7,1,317,8
13:09,79,58,1,108,1
14:00,69,50,96,242,4
14:01,114,13,22,250,8
14:02,109,18,29,268,2
14:03,44,64,18,209,4
14:04,83,88,2,217,2
14:05,56,32,15,102,1
14:06,97,25,9,62,8
14:07,98,53,2,329,24
14:08,29,55,2,235,24
14:09,93,85,1,266,1
14:10,147,17,2,142,8
14:11,92,66,1,94,24
14:12,133,81,1,24,4
14:13,93,99,1,329,1
14:14,71,50,1,141,24
14:15,108,76,1,18,1
14:16,144,98,1,287,1
14:17,28,19,1,196,4
14:18,11,1,1,243,24
14:19,121,27,1,320,1
14:20,68,8,1,214,2
14:21,128,14,1,282,1
14:22,23,30,1,259,2
14:23,78,28,1,346,4
14:24,41,78,1,254,24
14:25,119,22,1,315,8
14:26,133,43,1,252,8
14:27,93,23,1,367,2
14:28,101,18,1,137,8
14:29,78,2,1,345,8
14:30,147,76,1,369,8
14:31,5,2,1,178,4
14:32,27,85,1,103,2
14:33,119,25,1,373,24
14:34,9,75,1,129,1
14:35,146,53,1,354,4
14:36,39,72,1,137,8
14:37,46,38,1,351,8
14:38,136,35,1,126,24
14:39,21,71,1,322,1
14:40,43,76,1,225,8
14:41,16,24,1,40,4
14:42,46,87,1,56,1
14:43,128,30,1,146,8
14:44,124,54,1,287,24
14:45,100,71,1,179,1
14:46,118,40,1,114,2
14:47,14,78,1,131,1
14:48,47,63,1,340,2
14:49,92,56,1,270,2
14:50,77,62,1,219,24
14:51,67,2,1,182,1
14:52,66,39,1,322,1
14:53,14,57,1,253,8
14:54,29,54,1,245,24
14:55,141,80,1,236,4
14:56,19,49,1,329,24
14:57,65,29,1,159,4
14:58,19,70,1,289,2
14:59,95,60,1,86,24
15:00,79,92,1,170,2
15:01,31,91,1,277,4
15:02,119,58,1,160,8
15:03,113,36,1,213,2
15:04,92,94,1,102,24
15:05,119,94,1,82,8
15:06,60,8,1,275,8
15:07,120,1,1,186,24
15:08,48,36,1,255,24
15:09,62,77,1,196,1
15:10,145,96,1,58,8
15:11,60,15,1,183,1
15:12,2,83,1,230,8
15:13,94,8,1,190,24
15:14,142,63,1,72,8
16:00,126,98,102,61,24
16:00,15,92,74,129,2
16:00,98,31,36,172,8
16:00,24,44,40,377,1
16:00,95,6,36,383,8
16:00,118,6,79,245,1
16:00,115,26,9,96,8
16:00,107,70,6,348,1
16:00,0,20,29,209,24
16:00,74,30,7,50,2
16:00,6,88,9,376,24
16:00,100,98,8,139,1
16:00,56,74,4,326,1
16:00,32,77,7,67,4
16:00,139,68,8,71,1
16:00,123,0,2,381,8
16:00,43,75,1,71,4
16:00,54,13,1,62,4
16:00,8,82,2,218,24
16:00,43,9,1,296,2
16:00,56,13,1,219,1
16:00,22,17,1,239,24
16:00,144,65,1,348,2
16:00,70,40,1,369,2
16:00,11,19,1,64,4
16:00,109,25,1,137,8
16:00,117,12,1,316,4
16:00,52,22,1,58,24
16:00,25,23,1,59,4
16:00,12,15,1,309,4
16:00,143,54,1,43,8
16:00,34,8,1,212,1
16:00,81,6,1,350,2
16:00,50,2,1,34,4
16:00,81,51,1,378,4
16:00,26,27,1,48,24
16:00,119,97,1,137,24
16:00,126,72,1,130,4
16:00,10,93,1,89,24
16:00,135,94,1,79,1
16:00,100,16,1,141,24
16:00,13,91,1,373,24
16:00,43,27,1,202,1
16:00,23,69,1,211,1
16:00,113,58,1,203,8
16:00,114,47,1,29,8
16:00,74,58,1,318,8
16:00,42,51,1,171,4
16:00,59,34,1,5,8
16:00,58,69,1,186,4
16:00,135,29,1,118,24
16:00,56,6,1,170,24
16:00,146,87,1,107,4
16:00,114,2,1,46,2
16:00,49,11,1,323,4
16:00,43,39,1,399,4
16:00,19,36,1,271,1
16:00,101,19,1,154,4
16:00,103,69,1,118,1
16:00,21,70,1,93,8
16:00,35,55,1,161,4
16:00,134,38,1,30,4
16:00,85,15,1,191,2
16:00,64,89,1,356,4
16:00,95,89,1,98,8
16:00,23,30,1,363,1
16:00,118,82,1,352,1
16:00,106,28,1,293,2
16:00,125,59,1,100,1
16:00,51,66,1,276,2
16:00,85,12,1,138,4
16:00,133,77,1,272,1
16:00,85,18,1,102,8
16:00,81,98,1,215,24
16:00,50,93,1,334,1
16:00,96,61,1,392,24
16:00,51,19,1,92,1
16:00,11,3,1,56,1
16:00,90,11,1,109,2
16:00,79,53,1,334,4
16:00,143,70,1,100,8
16:00,130,62,1,390,1
16:00,41,54,1,7,4
16:00,85,21,1,97,2
16:00,36,10,1,65,1
16:00,148,8,1,322,24
16:00,126,3,1,111,2
16:00,54,70,1,195,24
16:00,43,18,1,131,8
16:00,96,66,1,175,4
16:00,136,4,1,372,8
16:00,47,31,1,117,1
16:00,56,32,1,108,24
16:00,32,78,1,171,1
16:00,123,45,1,8,24
16:00,130,27,1,393,4
16:00,127,57,1,267,4
16:00,77,63,1,74,8
16:00,83,7,1,28,4
16:00,47,27,1,14,2
16:00,19,46,1,372,24
16:00,87,52,1,42,24
16:00,147,44,1,65,1
16:00,61,57,1,375,24
16:00,126,76,1,5,2
16:00,139,13,1,399,24
16:00,34,20,1,167,8
16:00,87,14,1,291,24
16:00,8,0,1,369,2
16:00,72,79,1,88,4
16:00,86,1,1,368,8
16:00,45,75,1,101,24
16:00,70,51,1,72,24
16:00,50,15,1,375,1
16:00,8,23,1,78,4
16:00,52,76,1,29,4
16:00,41,65,1,171,8
16:00,148,11,1,140,24
16:00,141,75,1,208,4
16:00,93,63,1,76,1
16:00,15,17,1,156,24
16:00,52,78,1,105,1
16:00,62,15,1,7,2
16:00,0,32,1,387,2
16:00,104,6,1,315,2
16:00,116,75,1,270,8
16:00,9,47,1,358,4
16:00,4,81,1,179,2
16:00,113,99,1,138,4
16:00,35,14,1,269,8
16:00,92,61,1,301,8
16:00,141,47,1,237,1
16:00,104,43,1,265,1
16:00,110,8,1,134,1
16:00,82,89,1,364,2
16:00,49,94,1,306,1
16:00,23,12,1,329,4
16:00,61,14,1,59,1
16:00,44,76,1,229,2
16:00,136,88,1,227,8
18:00,142,74,98,121,4
18:05,115,60,57,33,24
18:10,0,10,37,161,1
18:15,15,68,49,232,2
18:20,79,72,29,69,4
18:25,110,19,15,201,8
18:30,27,6,1,171,1
18:35,55,65,1,85,2
18:40,40,7,10,168,8
18:45,54,84,1,186,24
18:50,77,95,5,248,4
18:55,108,51,1,155,4
19:00,102,7,2,296,8
19:05,27,44,1,176,2
19:10,79,99,1,7,8
19:15,86,56,1,30,1
19:20,33,4,1,100,24
19:25,20,43,1,72,4
19:30,2,50,1,397,4
19:35,97,11,1,227,2
19:40,43,98,1,211,1
19:45,139,37,1,379,2
19:50,4,86,1,155,2
20:00,34,80,22,386,2
20:02,8,84,60,100,24
20:04,18,63,4,233,24
20:06,108,50,6,76,4
20:08,112,30,26,330,8
20:10,13,82,16,340,2
20:12,73,49,7,369,8
20:14,109,58,1,60,2
20:16,75,78,1,343,8
20:18,32,80,5,381,4
20:20,123,36,1,110,24
20:22,80,60,1,117,1
20:24,85,31,1,208,1
20:26,85,39,1,159,4
20:28,56,44,1,137,8
20:30,29,39,1,321,1
20:32,81,68,1,116,2
20:34,30,3,1,228,8
20:36,132,57,1,302,2
20:38,52,53,1,348,1
20:40,58,4,1,43,4
20:42,96,45,1,287,2
20:44,68,60,1,373,24
20:46,101,61,1,282,4
20:48,77,16,1,250,1
20:50,94,24,1,139,1
20:52,2,60,1,43,8
20:54,15,40,1,183,1
20:56,62,96,1,271,2
20:58,43,34,1,166,2
21:00,18,18,1,174,4
21:02,10,94,1,195,4
21:04,115,19,1,150,4
21:06,3,25,1,205,2
21:08,33,38,1,281,2
21:10,141,53,1,184,8
21:12,117,44,1,124,8
21:14,59,4,1,28,24
21:16,87,45,1,106,4
21:18,7,66,1,165,4
21:20,127,69,1,399,2
21:22,46,94,1,226,1
21:24,133,32,1,238,24
21:26,119,29,1,102,24
21:28,68,3,1,396,2
21:30,66,31,1,378,2
21:32,50,1,1,387,24
21:34,106,84,1,264,2
21:36,4,87,1,31,8
21:38,147,60,1,370,2
21:40,37,16,1,292,24
21:42,16,79,1,361,1
21:44,101,25,1,326,2
21:46,143,65,1,310,2
21:48,132,38,1,79,2
21:50,58,0,1,229,4
21:52,76,52,1,93,4
21:54,22,97,1,36,1
21:56,120,88,1,129,24
22:00,76,41,22,27,4
22:12,30,43,10,273,8
22:24,124,40,16,232,24
22:36,142,61,13,339,2
22:48,48,74,1,165,2
23:00,102,97,2,216,4
23:12,130,78,7,238,4
23:24,64,35,4,340,2
23:36,41,63,1,37,8
23:48,139,27,3,237,4
