00:00,95,61,21,295,8
00:07,1,87,4,362,2
00:14,11,81,7,349,2
00:21,118,54,1,208,4
00:28,141,85,3,135,4
00:35,85,58,3,368,1
00:42,37,29,4,219,2
00:49,34,3,1,14,24
00:56,6,19,1,268,24
01:03,137,18,2,154,4
01:10,78,17,1,162,24
01:17,146,73,1,141,1
01:24,5,16,1,361,8
01:31,87,75,1,5,24
01:38,66,2,1,297,1
01:45,27,11,1,244,4
01:52,44,38,1,150,8
02:00,118,30,35,148,24
02:15,13,91,24,94,2
02:30,77,53,5,58,1
02:45,81,1,2,83,4
03:00,28,7,10,130,1
03:15,73,26,1,32,1
03:30,59,79,5,279,4
03:45,59,88,17,165,1
04:00,72,74,63,276,8
04:01,26,12,36,383,24
04:02,58,60,19,140,24
04:03,70,89,6,33,4
04:04,107,1,12,4,24
04:05,67,38,6,10,4
04:06,25,1,2,69,1
04:07,38,80,1,336,4
04:08,92,58,1,30,8
04:09,37,54,1,212,2
04:10,49,87,1,317,8
04:11,147,43,1,151,4
04:12,113,62,1,258,4
04:13,24,83,1,310,24
04:14,15,90,1,151,24
04:15,91,58,1,359,1
04:16,66,57,1,156,1
04:17,47,85,1,243,2
04:18,58,71,1,117,1
04:19,80,52,1,250,1
04:20,78,47,1,251,8
04:21,82,38,1,268,8
04:22,100,53,1,105,4
04:23,57,73,1,112,1
04:24,32,31,1,96,24
04:25,110,82,1,48,24
04:26,63,47,1,260,1
04:27,98,15,1,171,4
04:28,118,40,1,252,4
04:29,95,68,1,354,8
04:30,124,25,1,230,1
04:31,98,77,1,188,24
04:32,4,32,1,128,8
04:33,20,36,1,355,4
04:34,106,35,1,176,1
04:35,16,4,1,388,24
04:36,139,23,1,302,8
04:37,76,58,1,179,1
04:38,56,80,1,228,8
04:39,118,60,1,356,8
04:40,82,47,1,117,24
04:41,60,57,1,83,2
04:42,112,97,1,147,4
04:43,74,50,1,364,2
04:44,55,20,1,183,4
04:45,74,48,1,308,8
04:46,131,33,1,254,4
04:47,21,28,1,143,4
04:48,3,37,1,70,1
04:49,65,49,1,248,2
04:50,97,30,1,228,24
04:51,44,42,1,364,4
04:52,97,65,1,129,24
04:53,144,1,1,207,4
04:54,6,2,1,201,4
04:55,133,81,1,277,8
04:56,44,37,1,203,1
04:57,142,73,1,330,24
04:58,93,13,1,220,24
04:59,1,23,1,107,4
05:00,80,27,1,180,24
05:01,9,10,1,267,24
05:02,25,52,1,143,24
05:03,30,44,1,111,2
05:04,66,92,1,285,24
05:05,95,13,1,34,4
05:06,87,24,1,34,24
06:00,26,84,49,128,24
06:03,81,60,37,52,4
06:06,102,50,24,231,4
06:09,65,23,16,104,4
06:12,136,83,7,239,8
06:15,137,34,7,188,24
06:18,4,26,3,55,24
06:21,100,49,1,25,4
06:24,78,16,2,186,4
06:27,105,45,1,16,24
06:30,105,34,1,165,24
06:33,51,59,1,337,1
06:36,30,99,1,9,24
06:39,85,24,1,212,1
06:42,61,59,1,77,4
06:45,147,2,1,54,1
06:48,77,36,1,110,8
06:51,68,22,1,223,4
06:54,12,76,1,315,1
06:57,86,21,1,56,8
07:00,119,32,1,217,1
07:03,8,67,1,16,24
07:06,19,64,1,289,8
07:09,51,57,1,40,4
07:12,135,32,1,29,4
07:15,88,44,1,278,1
07:18,138,50,1,382,1
07:21,63,75,1,69,24
07:24,50,93,1,281,8
07:27,33,20,1,131,8
07:30,89,59,1,84,2
07:33,96,4,1,2,2
07:36,149,24,1,382,2
07:39,96,86,1,120,4
07:42,63,97,1,53,1
07:45,70,24,1,256,4
07:48,59,70,1,302,4
07:51,137,39,1,182,2
07:54,140,93,1,209,2
08:00,15,63,23,2,8
08:05,105,94,10,120,24
08:10,147,8,5,329,8
08:15,29,22,10,139,24
08:20,129,37,6,155,1
08:25,140,43,6,123,1
08:30,93,56,1,323,8
08:35,112,2,2,391,4
08:40,109,53,2,392,2
08:45,83,65,1,393,1
08:50,57,24,1,101,4
08:55,23,63,1,218,24
09:00,143,38,1,110,4
09:05,51,1,1,357,4
09:10,71,29,1,245,2
09:15,91,38,1,120,4
09:20,4,89,1,97,2
09:25,75,73,1,355,4
09:30,23,30,1,238,4
09:35,101,43,1,299,4
09:40,109,32,1,234,8
09:45,82,70,1,281,1
09:50,23,82,1,392,4
10:00,91,61,16,306,8
10:06,100,4,13,214,2
10:12,131,0,9,142,1
10:18,137,55,7,258,2
10:24,130,91,8,181,24
10:30,102,18,18,240,2
10:36,138,57,5,268,4
10:42,28,69,5,220,1
10:48,55,81,4,50,4
10:54,139,95,2,274,24
11:00,35,35,1,70,4
11:06,144,61,1,313,24
11:12,74,56,1,346,2
11:18,17,80,1,98,2
11:24,102,91,1,241,1
11:30,79,37,1,312,4
11:36,95,13,1,278,2
11:42,6,43,1,145,8
11:48,17,20,1,7,1
12:00,123,46,24,289,24
12:04,123,35,13,293,4
12:08,49,79,11,114,8
12:12,65,19,16,199,4
12:16,4,82,24,21,24
12:20,39,77,4,35,24
12:24,134,8,1,181,2
12:28,81,83,1,264,24
12:32,42,25,2,145,2
12:36,86,92,1,210,1
12:40,133,21,5,157,24
12:44,68,8,2,349,8
12:48,58,90,4,254,8
12:52,18,11,1,77,24
12:56,49,79,1,367,8
13:00,134,66,1,397,24
13:04,42,88,1,306,1
13:08,66,56,1,380,8
13:12,74,69,1,222,4
13:16,53,46,1,149,8
13:20,40,72,1,108,1
13:24,21,21,1,124,2
13:28,75,99,1,24,2
13:32,77,81,1,168,2
13:36,122,18,1,291,24
13:40,133,6,1,275,4
13:44,39,80,1,324,8
13:48,135,42,1,222,24
13:52,20,22,1,35,24
13:56,20,67,1,42,24
14:00,40,32,60,10,24
15:00,31,68,76,64,1
16:00,142,29,8,362,24
16:40,40,58,106,239,24
17:20,55,63,183,310,4
18:00,81,62,79,330,4
18:04,33,28,1,151,8
18:08,51,21,28,280,8
18:12,53,15,43,376,8
18:16,102,91,16,86,2
18:20,109,6,8,316,24
18:24,54,70,4,255,24
18:28,19,40,4,313,24
18:32,111,13,3,219,8
18:36,101,85,5,256,1
18:40,98,54,3,204,8
18:44,2,94,2,36,1
18:48,136,30,1,237,24
18:52,106,87,1,344,8
18:56,66,5,1,195,2
19:00,40,29,1,314,2
19:04,12,16,1,269,1
19:08,65,74,1,164,1
19:12,51,9,1,225,8
19:16,102,3,1,293,4
19:20,126,39,1,165,24
19:24,56,47,1,30,4
19:28,95,78,1,215,4
19:32,112,52,1,182,2
19:36,124,78,1,133,24
19:40,4,17,1,294,2
19:44,15,47,1,325,4
19:48,136,89,1,125,8
19:52,65,72,1,350,4
20:00,37,7,4,153,1
20:10,135,84,15,288,24
20:20,31,7,30,97,4
20:30,126,32,22,59,1
20:40,41,59,3,34,24
20:50,0,24,5,192,8
21:00,91,78,3,143,4
21:10,53,33,6,80,2
21:20,100,66,5,131,1
21:30,136,1,2,163,8
21:40,114,69,2,24,1
21:50,143,38,2,244,24
22:00,86,16,13,263,1
22:07,127,78,9,172,2
22:14,129,32,12,125,24
22:21,112,2,4,135,1
22:28,85,4,6,197,1
22:35,85,65,2,253,8
22:42,146,57,2,395,1
22:49,138,3,1,228,24
22:56,130,71,1,190,4
23:03,139,80,1,342,8
23:10,134,84,1,112,8
23:17,5,16,1,131,1
23:24,123,37,1,69,2
23:31,55,8,1,329,24
23:38,31,40,1,85,24
23:45,87,29,1,105,8
23:52,60,58,1,237,24
