00:00,91,64,18,218,1
00:24,41,9,5,249,24
00:48,9,1,7,328,2
01:12,84,28,29,338,2
01:36,75,6,29,205,24
02:00,126,62,52,395,8
02:06,16,47,28,374,2
02:12,147,42,11,92,8
02:18,148,74,9,340,1
02:24,4,2,22,161,1
02:30,81,91,14,400,8
02:36,43,48,15,241,24
02:42,49,51,1,170,24
02:48,8,13,3,15,24
02:54,57,24,8,210,24
03:00,136,50,2,255,4
03:06,124,44,5,385,4
03:12,93,73,1,368,4
03:18,102,97,2,112,8
03:24,141,19,1,121,2
03:30,25,29,1,288,2
03:36,97,60,1,47,8
03:42,106,81,1,63,2
04:00,132,25,55,300,2
04:06,32,99,93,89,24
04:12,90,9,34,319,1
04:18,124,32,30,388,8
04:24,42,0,10,140,4
04:30,145,57,19,276,24
04:36,114,64,10,60,24
04:42,19,65,1,303,24
04:48,20,98,3,207,4
04:54,92,57,2,387,8
05:00,35,5,1,165,8
05:06,106,2,3,385,1
05:12,128,42,1,60,1
05:18,77,94,1,2,24
05:24,83,41,1,91,4
05:30,118,78,1,3,4
05:36,137,48,1,141,2
05:42,50,85,1,383,2
06:00,44,68,1,85,24
06:01,117,88,22,337,4
06:02,106,90,25,284,1
06:03,1,16,75,76,2
06:04,115,93,28,85,8
06:05,104,28,38,299,24
06:06,51,98,18,84,8
06:07,119,7,21,314,8
06:08,50,45,7,146,4
06:09,114,14,9,30,8
06:10,6,12,5,202,2
06:11,85,61,6,346,2
06:12,132,59,4,249,2
06:13,95,79,2,123,4
06:14,2,6,1,99,8
06:15,62,6,1,333,1
06:16,85,35,1,304,1
06:17,56,65,1,197,8
06:18,42,24,1,34,24
06:19,108,57,1,127,2
06:20,141,96,1,1,24
06:21,76,27,1,270,4
06:22,83,49,1,372,1
06:23,13,80,1,138,2
06:24,41,30,1,375,2
06:25,87,6,1,273,2
06:26,95,95,1,393,24
06:27,0,97,1,262,8
06:28,80,44,1,95,8
06:29,81,97,1,333,1
06:30,134,97,1,319,4
06:31,118,81,1,80,8
06:32,53,32,1,102,8
06:33,24,35,1,76,1
06:34,50,74,1,19,2
06:35,111,17,1,21,24
06:36,112,2,1,330,8
06:37,36,34,1,14,24
06:38,0,58,1,354,1
06:39,88,91,1,97,2
06:40,80,7,1,39,24
06:41,84,35,1,317,4
06:42,79,54,1,24,2
06:43,106,23,1,291,8
06:44,96,10,1,106,8
06:45,138,50,1,265,4
06:46,127,11,1,19,2
06:47,147,26,1,199,2
06:48,102,74,1,64,8
06:49,64,82,1,157,24
06:50,111,6,1,288,1
06:51,5,42,1,42,24
06:52,37,24,1,55,8
06:53,109,90,1,22,2
06:54,110,16,1,60,4
06:55,99,63,1,281,24
06:56,24,54,1,363,24
06:57,48,16,1,370,24
06:58,117,79,1,20,4
06:59,87,99,1,225,24
07:00,42,41,1,41,1
07:01,14,85,1,301,24
07:02,57,82,1,388,24
07:03,45,73,1,351,2
07:04,142,53,1,15,24
07:05,24,2,1,117,8
07:06,139,99,1,330,24
07:07,34,49,1,240,1
07:08,10,4,1,297,8
07:09,41,4,1,102,2
07:10,18,88,1,243,2
07:11,120,25,1,33,4
07:12,93,87,1,132,24
07:13,95,35,1,238,2
07:14,11,8,1,59,24
07:15,75,36,1,335,8
07:16,50,65,1,381,8
07:17,147,1,1,10,1
07:18,128,62,1,400,4
07:19,142,78,1,167,2
07:20,39,46,1,193,2
07:21,115,71,1,389,24
07:22,108,54,1,16,1
07:23,58,72,1,374,2
07:24,91,61,1,190,4
07:25,87,66,1,351,1
07:26,100,13,1,101,1
07:27,123,24,1,9,8
07:28,13,72,1,208,2
07:29,133,95,1,243,8
07:30,48,99,1,239,24
07:31,8,26,1,173,1
07:32,122,31,1,117,4
07:33,52,47,1,174,24
07:34,18,23,1,217,1
07:35,118,79,1,31,8
07:36,140,44,1,56,2
07:37,102,86,1,254,4
07:38,84,49,1,2,2
07:39,22,97,1,93,4
07:40,89,0,1,88,8
07:41,141,86,1,176,4
07:42,44,23,1,20,24
07:43,101,92,1,386,24
07:44,19,27,1,210,24
07:45,32,84,1,192,24
07:46,15,92,1,207,8
07:47,5,45,1,44,2
07:48,77,66,1,161,2
07:49,112,21,1,331,2
07:50,145,50,1,47,24
07:51,73,34,1,376,1
07:52,91,23,1,244,2
07:53,127,26,1,175,1
07:54,110,86,1,224,2
07:55,70,59,1,387,8
07:56,130,75,1,327,1
07:57,78,20,1,137,24
07:58,145,58,1,400,2
07:59,25,42,1,154,2
08:00,48,74,35,198,4
08:02,39,66,15,210,8
08:04,85,54,14,235,24
08:06,132,40,24,1,8
08:08,0,70,2,8,1
08:10,95,20,8,47,24
08:12,9,76,1,147,8
08:14,119,68,2,112,4
08:16,5,39,3,146,8
08:18,59,24,4,325,4
08:20,23,42,3,346,2
08:22,132,90,1,82,8
08:24,72,86,1,324,24
08:26,50,91,1,4,4
08:28,65,26,1,213,1
08:30,110,3,1,201,2
08:32,46,81,1,50,2
08:34,112,69,1,184,4
08:36,6,13,1,203,1
08:38,109,29,1,170,1
08:40,140,57,1,163,4
08:42,110,6,1,27,4
08:44,110,29,1,224,4
08:46,42,84,1,365,8
08:48,115,44,1,286,2
08:50,20,55,1,133,1
08:52,28,27,1,188,1
08:54,22,94,1,268,2
08:56,128,44,1,365,8
08:58,2,89,1,255,1
09:00,62,7,1,345,1
09:02,82,44,1,159,1
09:04,63,72,1,393,2
09:06,34,38,1,322,2
09:08,115,59,1,271,1
09:10,29,51,1,113,1
09:12,18,10,1,236,8
09:14,17,78,1,376,2
09:16,11,7,1,263,1
09:18,9,47,1,89,24
09:20,47,16,1,269,1
09:22,99,34,1,393,1
09:24,35,61,1,379,24
09:26,87,94,1,305,8
09:28,127,33,1,230,4
09:30,92,71,1,382,1
09:32,86,89,1,20,1
09:34,65,57,1,289,4
09:36,0,11,1,160,2
09:38,10,27,1,384,1
10:00,115,49,46,178,2
10:06,86,38,34,77,1
10:12,141,2,12,264,1
10:18,115,5,1,202,1
10:24,131,40,17,321,24
10:30,68,18,6,266,1
10:36,119,71,8,66,8
10:42,59,88,8,223,2
10:48,109,42,10,355,1
10:54,30,74,1,29,2
11:00,34,75,2,398,1
11:06,19,57,3,11,8
11:12,84,33,2,246,2
11:18,17,12,1,303,24
11:24,50,86,1,308,1
11:30,56,9,1,139,2
11:36,137,8,1,42,4
11:42,57,52,1,391,24
11:48,30,81,1,306,1
11:54,141,3,1,213,2
12:00,25,2,84,383,4
12:04,71,67,36,191,2
12:08,98,21,13,158,1
12:12,87,63,1,395,4
12:16,146,40,22,246,8
12:20,99,38,15,270,4
12:24,24,30,5,84,2
12:28,57,24,2,63,2
12:32,27,28,5,322,8
12:36,55,90,2,277,24
12:40,8,41,1,71,8
12:44,119,18,2,320,24
12:48,54,55,1,246,4
12:52,45,58,1,381,8
12:56,95,19,1,165,24
13:00,109,56,1,324,1
13:04,9,16,1,96,2
13:08,121,21,1,114,4
13:12,16,89,1,87,4
13:16,124,5,1,73,1
13:20,117,82,1,173,2
13:24,67,79,1,334,24
13:28,48,47,1,202,1
13:32,137,57,1,331,24
13:36,129,77,1,249,2
13:40,141,21,1,382,4
13:44,79,12,1,139,24
14:00,54,92,59,117,1
14:02,58,15,4,177,8
14:04,72,83,69,326,1
14:06,43,53,17,353,1
14:08,120,16,27,100,2
14:10,99,9,10,72,4
14:12,80,82,22,9,2
14:14,107,50,2,70,24
14:16,92,13,1,3,8
14:18,60,0,5,3,1
14:20,14,86,6,22,24
14:22,119,4,1,89,4
14:24,52,17,4,181,24
14:26,147,48,1,18,4
14:28,4,3,1,171,8
14:30,146,29,1,19,8
14:32,8,22,1,73,2
14:34,68,22,1,91,2
14:36,145,81,1,280,1
14:38,10,99,1,88,4
14:40,1,29,1,362,2
14:42,91,85,1,222,2
14:44,28,61,1,244,24
14:46,86,18,1,293,8
14:48,25,16,1,321,4
14:50,142,37,1,200,24
14:52,41,30,1,13,24
14:54,114,27,1,231,2
14:56,6,99,1,378,2
14:58,26,95,1,102,8
15:00,0,47,1,319,1
15:02,75,15,1,29,4
15:04,2,27,1,388,1
15:06,148,54,1,70,1
15:08,77,39,1,56,24
15:10,26,79,1,18,8
15:12,77,53,1,203,4
15:14,136,12,1,228,1
15:16,4,29,1,388,4
15:18,80,89,1,180,1
15:20,24,23,1,124,24
16:00,89,1,80,54,4
16:09,87,82,26,181,1
16:18,23,9,58,243,4
16:27,126,70,17,159,1
16:36,72,80,82,35,4
16:45,26,91,110,338,1
16:54,43,78,41,342,4
17:03,82,38,35,396,2
17:12,30,78,14,26,24
17:21,19,93,24,370,8
17:30,120,53,19,43,4
17:39,119,11,3,351,1
17:48,28,70,33,9,8
18:00,9,44,128,365,8
18:01,147,23,84,85,24
18:02,23,68,5,248,24
18:03,61,12,26,76,2
18:04,149,48,23,41,8
18:05,129,84,33,91,24
18:06,144,53,3,264,4
18:07,20,0,20,392,1
18:08,120,79,4,158,8
18:09,149,51,12,78,2
18:10,99,79,9,101,4
18:11,149,51,1,262,8
18:12,116,90,1,157,8
18:13,62,59,2,240,4
18:14,137,69,3,95,8
18:15,135,3,1,283,24
18:16,7,84,2,81,24
18:17,55,82,1,323,4
18:18,130,9,1,226,24
18:19,19,6,1,228,8
18:20,38,6,1,237,1
18:21,149,39,1,394,2
18:22,123,6,1,24,2
18:23,20,93,1,188,1
18:24,100,79,1,369,24
18:25,72,0,1,83,24
18:26,54,45,1,364,1
18:27,135,11,1,301,24
18:28,133,64,1,384,1
18:29,70,39,1,331,24
18:30,134,39,1,120,8
18:31,39,70,1,2,8
18:32,106,74,1,18,2
18:33,27,77,1,59,2
18:34,126,25,1,99,1
18:35,87,78,1,259,4
18:36,106,51,1,289,24
18:37,121,78,1,140,8
18:38,74,36,1,71,2
18:39,9,88,1,138,2
18:40,106,79,1,197,1
18:41,64,25,1,86,8
18:42,105,89,1,301,8
18:43,118,50,1,126,24
18:44,99,60,1,343,24
18:45,104,97,1,355,8
18:46,134,26,1,174,4
18:47,128,44,1,202,1
18:48,137,95,1,305,2
18:49,52,51,1,204,8
18:50,115,94,1,195,24
18:51,16,71,1,294,8
18:52,58,96,1,188,2
18:53,112,2,1,185,8
18:54,2,23,1,149,4
18:55,110,60,1,75,8
18:56,15,32,1,127,1
18:57,127,29,1,84,1
18:58,58,10,1,61,24
18:59,46,17,1,226,4
19:00,134,45,1,118,1
19:01,88,99,1,38,8
19:02,109,56,1,164,24
19:03,25,66,1,69,4
19:04,99,88,1,103,24
19:05,84,99,1,72,2
19:06,147,90,1,227,24
19:07,55,32,1,156,4
19:08,114,45,1,382,24
19:09,130,58,1,258,8
20:00,146,46,88,372,1
20:05,55,10,30,174,24
20:10,146,27,19,382,8
20:15,38,11,8,334,8
20:20,81,97,4,68,24
20:25,23,3,12,118,1
20:30,145,27,4,137,2
20:35,108,58,3,30,2
20:40,50,64,2,300,8
20:45,70,2,3,40,1
20:50,89,93,3,213,24
20:55,22,2,1,27,2
21:00,19,99,1,329,4
21:05,134,21,1,208,4
21:10,48,5,1,43,24
21:15,47,20,1,74,1
21:20,33,61,1,202,24
21:25,38,83,1,95,1
21:30,119,2,1,62,24
21:35,55,3,1,398,2
21:40,65,71,1,127,2
21:45,106,55,1,236,1
22:00,29,46,5,234,4
22:02,93,88,28,331,4
22:04,47,92,1,185,2
22:06,91,62,6,300,2
22:08,85,35,1,245,2
22:10,147,70,13,119,24
22:12,51,29,1,344,4
22:14,40,63,7,379,4
22:16,18,72,9,377,24
22:18,101,21,7,195,8
22:20,1,43,3,254,24
22:22,86,71,2,118,8
22:24,77,10,3,361,2
22:26,16,53,1,141,4
22:28,50,51,2,238,4
22:30,107,58,1,398,24
22:32,14,47,1,166,24
22:34,97,3,1,201,24
22:36,87,13,1,367,2
22:38,104,16,1,240,4
22:40,147,61,1,51,1
22:42,48,49,1,169,8
22:44,102,45,1,395,2
22:46,90,47,1,208,24
22:48,115,43,1,260,8
22:50,72,85,1,262,8
22:52,53,81,1,113,2
22:54,144,92,1,94,24
22:56,18,73,1,231,24
22:58,19,13,1,334,2
23:00,41,78,1,399,24
23:02,2,46,1,52,1
23:04,119,66,1,360,1
23:06,75,8,1,382,8
23:08,51,58,1,163,1
23:10,95,0,1,289,4
23:12,23,97,1,357,24
23:14,143,85,1,19,24
23:16,126,37,1,56,2
23:18,143,87,1,129,24
23:20,99,40,1,378,8
