00:00,37,44,7,337,8
00:13,40,4,2,48,2
00:26,12,4,6,79,8
00:39,70,52,3,343,24
00:52,112,25,1,197,2
01:05,74,41,3,181,8
01:18,115,52,1,12,4
01:31,102,57,1,174,8
01:44,102,47,2,179,2
02:00,71,52,1,392,2
02:06,59,32,5,296,4
02:12,132,1,16,167,8
02:18,147,25,8,145,24
02:24,139,5,8,80,1
02:30,6,58,6,28,2
02:36,87,69,1,72,4
02:42,38,69,2,374,24
02:48,143,74,1,280,8
02:54,69,0,2,183,8
03:00,48,78,1,240,2
03:06,89,25,1,367,1
03:12,99,31,1,391,1
03:18,72,99,1,52,8
03:24,130,72,1,141,24
03:30,85,78,1,140,1
03:36,54,67,1,190,4
03:42,115,64,1,22,1
03:48,48,34,1,343,1
04:00,121,28,24,113,8
04:03,101,98,11,319,8
04:06,130,14,20,68,8
04:09,103,48,6,87,2
04:12,135,97,4,257,4
04:15,85,96,2,282,1
04:18,109,29,5,331,4
04:21,43,71,3,298,2
04:24,9,17,2,236,1
04:27,72,55,1,182,4
04:30,55,57,1,399,8
04:33,145,30,1,285,1
04:36,8,15,1,193,4
04:39,100,0,1,41,1
04:42,90,85,1,7,1
04:45,30,88,1,290,4
04:48,75,76,1,155,1
04:51,85,59,1,195,2
04:54,114,68,1,331,4
04:57,112,88,1,60,8
05:00,34,2,1,121,24
05:03,47,52,1,305,2
05:06,6,56,1,73,1
05:09,83,23,1,106,24
05:12,16,1,1,278,24
05:15,77,45,1,65,4
05:18,144,30,1,93,24
05:21,121,94,1,375,24
05:24,76,78,1,113,4
05:27,100,10,1,47,2
05:30,37,71,1,357,2
05:33,135,78,1,368,2
05:36,69,2,1,261,2
06:00,83,35,10,152,8
06:24,83,63,5,349,2
06:48,16,35,31,17,24
07:12,73,44,9,254,24
07:36,15,7,26,129,1
08:00,45,80,14,123,2
08:20,13,80,7,16,8
08:40,78,75,9,25,24
09:00,79,96,1,128,24
09:20,8,81,1,19,2
09:40,1,96,8,171,8
10:00,71,58,17,170,4
10:05,1,50,7,234,24
10:10,23,70,7,29,24
10:15,67,58,10,152,4
10:20,102,96,5,223,2
10:25,66,41,3,115,24
10:30,56,42,1,191,8
10:35,137,44,1,315,1
10:40,33,9,1,51,24
10:45,149,71,1,387,1
10:50,31,5,1,351,2
10:55,49,72,1,81,24
11:00,24,87,1,375,8
11:05,131,15,1,155,8
11:10,16,38,1,275,8
11:15,129,35,1,90,1
11:20,38,15,1,270,1
11:25,53,46,1,268,2
11:30,85,17,1,232,2
11:35,59,6,1,258,8
11:40,142,73,1,389,4
11:45,46,58,1,354,4
12:00,118,68,18,198,1
12:08,73,62,22,68,8
12:16,90,96,2,250,24
12:24,149,80,11,274,2
12:32,103,91,5,382,24
12:40,145,45,1,122,24
12:48,121,64,2,70,8
12:56,33,60,1,357,1
13:04,130,7,2,195,1
13:12,116,20,1,347,1
13:20,148,4,1,160,24
13:28,10,56,1,379,24
13:36,31,29,1,242,1
13:44,118,99,1,226,1
14:00,15,32,20,273,2
14:05,20,81,17,92,2
14:10,19,6,13,164,2
14:15,68,26,8,139,1
14:20,2,9,6,336,2
14:25,38,17,5,136,4
14:30,39,65,6,202,4
14:35,141,15,1,114,1
14:40,108,34,3,187,4
14:45,122,5,1,127,8
14:50,128,83,1,126,24
14:55,118,98,1,229,2
15:00,120,76,1,238,24
15:05,129,39,1,241,4
15:10,142,27,1,344,1
15:15,86,93,1,65,4
15:20,107,1,1,85,8
15:25,30,58,1,311,4
15:30,146,28,1,63,1
15:35,55,38,1,311,2
15:40,64,97,1,197,8
15:45,53,25,1,363,8
15:50,45,46,1,203,2
16:00,76,55,57,212,24
16:03,125,17,8,291,4
16:06,16,88,8,231,4
16:09,73,46,38,43,8
16:12,112,62,18,347,1
16:15,120,9,12,183,4
16:18,132,81,5,170,1
16:21,135,17,2,30,1
16:24,42,24,1,123,8
16:27,65,47,1,154,8
16:30,118,61,1,266,8
16:33,53,90,1,3,2
16:36,28,89,1,135,8
16:39,134,69,1,166,1
16:42,44,20,1,385,8
16:45,75,34,1,29,1
16:48,40,86,1,319,1
16:51,60,43,1,280,8
16:54,124,94,1,258,8
16:57,120,77,1,236,8
17:00,62,51,1,35,1
17:03,63,73,1,370,2
17:06,27,69,1,26,2
17:09,116,56,1,293,1
17:12,33,62,1,392,24
17:15,8,64,1,103,4
17:18,11,53,1,30,1
17:21,83,70,1,125,1
17:24,74,66,1,371,8
17:27,83,98,1,287,4
17:30,26,80,1,66,8
17:33,48,6,1,185,2
18:00,101,59,7,263,24
18:02,79,69,28,303,1
18:04,70,70,19,301,4
18:06,149,11,15,332,8
18:08,48,42,9,250,8
18:10,63,12,9,284,1
18:12,53,5,8,172,2
18:14,30,25,1,302,8
18:16,20,20,1,207,24
18:18,26,34,3,272,24
18:20,57,95,1,13,24
18:22,103,19,1,382,8
18:24,132,22,1,243,4
18:26,110,48,1,199,8
18:28,31,87,1,6,2
18:30,145,41,1,192,8
18:32,13,27,1,125,1
18:34,28,25,1,96,8
18:36,86,83,1,159,24
18:38,108,43,1,81,4
18:40,64,64,1,233,2
18:42,1,67,1,322,24
18:44,36,72,1,380,24
18:46,59,47,1,358,8
18:48,149,63,1,252,8
18:50,74,87,1,115,8
18:52,0,55,1,290,4
18:54,54,93,1,259,4
18:56,46,49,1,331,1
18:58,36,34,1,54,1
19:00,121,34,1,263,4
19:02,98,11,1,62,8
19:04,82,62,1,394,8
19:06,47,57,1,258,2
19:08,108,12,1,271,2
19:10,143,81,1,396,24
19:12,2,93,1,224,8
19:14,114,36,1,347,8
19:16,80,56,1,63,8
19:18,44,93,1,321,8
19:20,2,4,1,336,1
19:22,95,82,1,166,4
19:24,134,90,1,349,2
19:26,61,11,1,211,1
19:28,48,7,1,193,2
19:30,7,55,1,360,24
20:00,108,13,11,388,24
20:20,10,27,15,242,4
20:40,39,35,5,87,24
21:00,43,4,2,275,4
21:20,50,90,3,73,4
21:40,54,25,15,129,1
22:00,76,0,8,25,4
22:24,70,78,9,373,24
22:48,102,14,3,213,2
23:12,6,31,1,398,2
23:36,30,54,6,329,8
