00:00,10,57,16,133,2
00:40,16,66,3,288,2
01:20,66,99,17,330,4
02:00,36,21,9,323,4
02:05,40,44,20,108,8
02:10,95,71,16,102,4
02:15,7,42,2,186,8
02:20,127,92,12,299,24
02:25,10,43,5,168,8
02:30,60,99,2,68,24
02:35,72,38,1,149,2
02:40,136,76,1,283,2
02:45,139,24,2,49,1
02:50,121,52,1,85,24
02:55,27,61,1,377,4
03:00,92,94,1,121,2
03:05,16,97,1,28,24
03:10,24,54,1,85,24
03:15,136,81,1,103,8
03:20,86,13,1,172,2
03:25,52,87,1,183,8
03:30,24,11,1,377,24
03:35,53,88,1,161,4
03:40,52,58,1,183,2
03:45,44,19,1,27,8
03:50,76,67,1,41,4
04:00,5,43,26,135,4
04:12,4,51,5,8,1
04:24,5,76,25,159,4
04:36,50,68,26,389,4
04:48,127,81,2,208,4
05:00,36,52,11,336,8
05:12,32,54,5,353,8
05:24,46,19,2,182,4
05:36,35,21,2,157,8
05:48,90,19,5,57,24
06:00,135,50,39,233,4
06:08,65,88,29,53,1
06:16,75,67,20,223,4
06:24,144,26,8,293,4
06:32,20,99,7,342,1
06:40,104,96,3,215,4
06:48,130,6,2,351,1
06:56,11,76,1,101,1
07:04,72,37,1,136,2
07:12,135,62,1,128,1
07:20,22,73,1,383,2
07:28,60,18,1,303,1
07:36,27,40,1,363,24
07:44,1,98,1,268,24
08:00,117,22,10,341,1
08:05,18,91,16,212,24
08:10,55,28,11,152,8
08:15,30,86,5,25,4
08:20,37,95,3,3,1
08:25,3,92,1,274,2
08:30,8,23,2,264,1
08:35,49,15,1,203,2
08:40,46,8,1,149,24
08:45,62,12,1,388,8
08:50,62,40,1,348,24
08:55,63,26,1,301,4
09:00,121,40,1,323,2
09:05,93,54,1,315,24
09:10,127,41,1,104,8
09:15,125,86,1,100,4
09:20,140,15,1,282,2
09:25,48,97,1,324,1
09:30,76,74,1,272,8
09:35,24,71,1,153,24
09:40,60,52,1,371,4
09:45,139,30,1,182,2
09:50,51,33,1,127,8
10:00,86,76,25,161,1
10:24,111,67,1,307,8
10:48,43,21,3,93,8
11:12,8,69,10,207,8
11:36,88,52,29,210,2
12:00,134,20,27,323,24
12:04,3,59,7,129,24
12:08,77,56,16,174,2
12:12,124,45,2,44,2
12:16,90,75,11,72,24
12:20,139,76,2,235,2
12:24,128,55,5,73,8
12:28,144,81,1,146,8
12:32,83,9,2,284,4
12:36,112,52,2,323,4
12:40,64,21,3,207,8
12:44,58,11,3,68,8
12:48,130,15,1,351,8
12:52,140,6,1,275,24
12:56,144,23,1,388,1
13:00,120,42,1,339,4
13:04,137,5,1,370,2
13:08,28,85,1,201,8
13:12,15,88,1,72,24
13:16,119,73,1,253,24
13:20,4,2,1,120,4
13:24,31,94,1,126,24
13:28,6,69,1,299,4
13:32,76,77,1,42,24
13:36,63,14,1,250,24
13:40,0,20,1,57,4
13:44,140,71,1,276,4
13:48,3,80,1,163,8
13:52,36,90,1,31,8
13:56,87,95,1,357,1
14:00,28,65,5,104,2
14:03,57,9,47,160,4
14:06,10,81,24,298,1
14:09,72,74,9,10,8
14:12,15,56,9,265,8
14:15,44,87,4,250,4
14:18,89,81,1,57,8
14:21,131,68,2,380,24
14:24,86,62,1,385,1
14:27,26,39,1,58,24
14:30,138,70,1,11,8
14:33,107,54,1,304,2
14:36,74,29,1,32,8
14:39,118,46,1,326,8
14:42,23,80,1,204,4
14:45,126,80,1,57,24
14:48,107,57,1,93,8
14:51,81,66,1,202,8
14:54,61,24,1,310,1
14:57,53,28,1,110,24
15:00,77,35,1,396,2
15:03,124,40,1,348,2
15:06,113,86,1,316,1
15:09,117,55,1,306,4
15:12,33,7,1,35,24
15:15,50,97,1,256,24
15:18,3,47,1,67,2
15:21,140,85,1,251,24
15:24,145,8,1,117,1
15:27,26,51,1,108,2
15:30,18,93,1,146,24
15:33,21,44,1,127,4
15:36,70,78,1,8,24
15:39,77,90,1,340,8
15:42,39,69,1,348,4
15:45,22,81,1,193,1
15:48,111,5,1,82,8
15:51,76,51,1,237,4
16:00,111,50,97,125,2
16:02,80,30,12,185,1
16:04,131,71,48,333,4
16:06,108,21,17,14,24
16:08,139,94,4,161,8
16:10,27,15,15,288,4
16:12,66,66,6,177,2
16:14,73,81,8,220,2
16:16,10,54,3,51,24
16:18,70,40,2,302,8
16:20,50,13,1,386,8
16:22,105,3,1,298,24
16:24,12,40,1,197,1
16:26,120,39,1,171,2
16:28,54,65,1,378,24
16:30,91,35,1,45,2
16:32,86,51,1,80,1
16:34,102,40,1,51,8
16:36,127,5,1,222,8
16:38,43,16,1,228,24
16:40,19,62,1,11,1
16:42,17,97,1,267,8
16:44,14,93,1,228,1
16:46,89,81,1,37,24
16:48,59,19,1,10,8
16:50,100,1,1,118,8
16:52,96,80,1,289,1
16:54,72,12,1,260,1
16:56,106,5,1,3,1
16:58,139,62,1,265,24
17:00,133,9,1,27,1
17:02,46,94,1,341,4
17:04,135,79,1,138,4
17:06,90,47,1,43,1
17:08,84,6,1,341,4
17:10,53,80,1,383,2
17:12,3,29,1,292,4
17:14,31,5,1,271,8
17:16,139,15,1,84,4
17:18,118,23,1,103,24
17:20,48,40,1,359,8
17:22,122,27,1,266,24
17:24,18,22,1,383,1
17:26,63,32,1,64,2
17:28,130,26,1,55,1
17:30,69,85,1,194,1
17:32,147,20,1,106,1
17:34,6,72,1,272,4
17:36,14,14,1,265,4
17:38,66,14,1,172,1
17:40,64,38,1,249,1
17:42,30,60,1,141,4
17:44,50,91,1,259,2
17:46,14,51,1,157,8
18:00,68,61,4,211,2
18:03,142,13,23,118,4
18:06,22,93,2,217,24
18:09,96,30,50,32,8
18:12,89,58,9,309,2
18:15,59,72,5,168,4
18:18,100,35,16,7,1
18:21,133,12,4,161,2
18:24,120,60,4,176,2
18:27,78,2,1,114,24
18:30,84,63,7,236,24
18:33,104,47,7,376,2
18:36,12,12,3,149,8
18:39,66,54,4,351,4
18:42,131,81,1,2,2
18:45,95,85,1,166,1
18:48,73,16,1,62,1
18:51,112,70,1,350,4
18:54,110,56,1,380,8
18:57,98,14,1,325,8
19:00,104,42,1,284,8
19:03,58,92,1,16,2
19:06,122,46,1,62,1
19:09,142,25,1,391,8
19:12,132,53,1,292,4
19:15,18,93,1,70,4
19:18,55,83,1,338,1
19:21,109,7,1,190,1
19:24,15,45,1,309,24
19:27,44,36,1,97,1
19:30,34,12,1,234,8
19:33,39,36,1,169,1
19:36,27,69,1,210,1
20:00,137,26,25,151,8
20:20,19,16,14,315,4
20:40,47,72,5,139,2
21:00,17,47,8,228,1
21:20,5,12,7,193,24
21:40,96,96,12,274,2
22:00,63,85,5,263,2
22:08,101,65,14,311,24
22:16,11,53,3,83,4
22:24,23,49,7,276,2
22:32,141,34,4,118,2
22:40,122,81,2,78,8
22:48,112,52,1,103,2
22:56,84,11,1,345,4
23:04,59,76,1,17,4
23:12,17,48,1,35,2
23:20,82,5,1,338,4
23:28,127,56,1,8,8
23:36,16,28,1,233,2
23:44,57,86,1,371,1
23:52,4,50,1,361,8
