00:00,67,9,26,41,1
00:20,141,86,10,183,2
00:40,2,77,8,7,1
01:00,26,63,3,384,4
01:20,132,7,2,22,8
01:40,130,77,5,207,2
02:00,47,71,4,94,2
02:03,6,13,8,159,24
02:06,49,80,4,216,1
02:09,142,94,35,161,1
02:12,124,96,22,35,24
02:15,21,37,5,309,2
02:18,144,77,7,248,2
02:21,77,44,12,103,8
02:24,142,82,2,168,24
02:27,5,29,4,147,24
02:30,38,3,1,257,8
02:33,58,41,1,32,24
02:36,120,75,1,391,8
02:39,88,97,1,112,8
02:42,93,25,1,81,24
02:45,26,19,1,24,8
02:48,61,13,1,103,24
02:51,22,28,1,167,2
02:54,96,27,1,188,2
02:57,26,6,1,236,8
03:00,5,88,1,272,4
03:03,50,13,1,268,8
03:06,106,95,1,236,24
03:09,144,99,1,208,24
03:12,47,70,1,186,24
03:15,133,93,1,213,4
03:18,114,34,1,136,24
03:21,137,67,1,347,4
03:24,45,64,1,394,1
03:27,2,92,1,343,24
03:30,81,56,1,324,24
03:33,52,16,1,290,8
03:36,20,22,1,132,2
03:39,49,48,1,87,4
03:42,54,0,1,214,2
03:45,92,42,1,153,1
03:48,127,46,1,333,8
03:51,67,82,1,42,1
04:00,54,86,63,128,2
04:01,55,0,27,241,24
04:02,13,14,11,21,24
04:03,74,99,5,115,24
04:04,88,96,11,33,24
04:05,68,69,16,8,1
04:06,111,99,15,346,8
04:07,94,64,4,235,1
04:08,131,81,6,294,4
04:09,27,40,3,25,24
04:10,46,93,1,380,4
04:11,40,42,1,229,24
04:12,46,22,1,151,8
04:13,109,48,1,56,24
04:14,68,80,1,112,8
04:15,79,92,1,391,24
04:16,65,71,1,355,2
04:17,80,70,1,225,8
04:18,147,62,1,242,8
04:19,79,81,1,360,24
04:20,136,56,1,288,2
04:21,6,60,1,50,4
04:22,86,60,1,23,2
04:23,33,39,1,107,2
04:24,115,18,1,275,4
04:25,59,20,1,97,2
04:26,132,60,1,149,24
04:27,111,74,1,70,2
04:28,77,74,1,241,2
04:29,55,73,1,353,24
04:30,25,37,1,273,8
04:31,30,4,1,366,1
04:32,97,16,1,127,8
04:33,123,33,1,73,8
04:34,107,90,1,382,24
04:35,46,81,1,199,1
04:36,139,73,1,66,2
04:37,43,69,1,93,2
04:38,74,67,1,83,24
04:39,70,26,1,278,2
04:40,112,36,1,31,1
04:41,79,26,1,306,24
04:42,97,93,1,245,4
04:43,143,85,1,194,24
04:44,39,92,1,378,4
04:45,66,26,1,77,24
04:46,55,6,1,40,2
04:47,19,63,1,30,2
04:48,61,83,1,330,4
04:49,72,64,1,19,24
04:50,119,45,1,33,4
04:51,141,51,1,111,2
04:52,95,38,1,50,1
04:53,44,1,1,313,2
04:54,57,17,1,150,8
04:55,78,93,1,380,1
04:56,112,97,1,24,4
04:57,24,32,1,245,8
04:58,115,26,1,299,24
04:59,52,4,1,280,4
05:00,6,18,1,210,24
05:01,123,41,1,123,24
05:02,133,66,1,277,8
06:00,145,5,11,99,8
06:03,97,91,5,206,4
06:06,2,84,50,154,24
06:09,13,38,12,238,2
06:12,12,10,6,102,2
06:15,115,1,38,284,4
06:18,112,71,1,251,4
06:21,127,59,8,39,8
06:24,47,4,3,17,4
06:27,0,42,7,242,1
06:30,104,39,4,135,24
06:33,104,74,3,348,4
06:36,46,9,1,50,2
06:39,59,27,5,77,2
06:42,106,22,6,94,1
06:45,100,52,3,100,2
06:48,121,70,1,102,2
06:51,44,2,1,41,2
06:54,88,25,1,222,2
06:57,54,71,1,81,2
07:00,126,77,1,99,1
07:03,104,37,1,98,8
07:06,101,50,1,280,8
07:09,136,53,1,99,2
07:12,39,13,1,309,24
07:15,34,35,1,125,1
07:18,142,97,1,374,4
07:21,94,72,1,302,1
07:24,81,11,1,89,24
07:27,114,58,1,183,4
07:30,90,19,1,244,24
07:33,72,71,1,94,1
07:36,50,4,1,204,4
07:39,51,54,1,237,8
07:42,22,56,1,351,4
08:00,38,40,31,361,24
08:04,38,10,12,353,24
08:08,21,78,7,148,2
08:12,38,86,6,3,24
08:16,129,47,3,173,1
08:20,74,24,5,338,24
08:24,32,8,1,66,1
08:28,144,2,1,267,24
08:32,80,21,1,226,8
08:36,125,38,3,138,1
08:40,68,68,2,95,1
08:44,24,32,1,97,1
08:48,71,56,1,35,2
08:52,89,71,1,41,24
08:56,141,7,1,110,4
09:00,149,97,1,342,2
09:04,75,50,1,131,8
09:08,32,73,1,380,1
09:12,43,84,1,74,4
09:16,14,19,1,309,2
09:20,53,74,1,335,24
09:24,125,30,1,271,8
09:28,0,87,1,241,1
09:32,131,4,1,347,8
09:36,4,16,1,35,1
09:40,124,52,1,191,2
09:44,46,5,1,109,24
10:00,44,55,17,58,8
10:03,65,38,28,168,8
10:06,136,46,3,366,8
10:09,146,7,21,48,24
10:12,108,40,7,38,24
10:15,60,50,8,114,4
10:18,74,4,7,9,2
10:21,100,33,2,250,24
10:24,149,44,1,71,1
10:27,36,59,1,206,2
10:30,40,62,1,265,4
10:33,6,24,1,12,4
10:36,95,74,1,297,4
10:39,91,99,1,90,8
10:42,119,20,1,153,24
10:45,38,93,1,355,8
10:48,132,39,1,122,4
10:51,143,91,1,139,4
10:54,28,31,1,176,8
10:57,21,65,1,294,24
11:00,50,28,1,225,24
11:03,69,43,1,254,4
11:06,67,91,1,105,1
11:09,105,24,1,81,2
11:12,144,19,1,361,2
11:15,28,43,1,144,1
11:18,42,30,1,83,4
11:21,27,77,1,65,24
11:24,3,90,1,192,1
11:27,149,68,1,222,1
11:30,64,0,1,266,2
11:33,8,19,1,244,4
11:36,50,40,1,275,4
11:39,86,44,1,85,4
11:42,129,15,1,76,24
11:45,30,88,1,103,2
11:48,5,60,1,366,1
12:00,76,87,20,298,4
12:03,83,50,1,39,24
12:06,136,21,10,367,24
12:09,120,50,5,340,1
12:12,41,22,11,345,1
12:15,62,78,29,379,8
12:18,47,51,12,51,4
12:21,3,63,9,85,8
12:24,69,46,8,344,24
12:27,101,38,7,31,8
12:30,86,96,5,269,4
12:33,126,88,2,228,24
12:36,49,10,2,252,1
12:39,109,4,1,362,24
12:42,25,45,1,34,24
12:45,111,75,1,174,24
12:48,135,81,1,106,8
12:51,141,31,1,211,8
12:54,125,34,1,132,4
12:57,131,90,1,364,2
13:00,8,31,1,244,1
13:03,49,81,1,336,2
13:06,145,19,1,229,2
13:09,37,42,1,250,8
13:12,57,25,1,49,4
13:15,59,0,1,135,4
13:18,116,86,1,218,24
13:21,51,27,1,139,1
13:24,121,26,1,52,4
13:27,86,77,1,172,8
13:30,121,26,1,168,4
13:33,23,34,1,68,4
13:36,86,17,1,387,4
13:39,92,73,1,131,1
13:42,125,74,1,101,1
13:45,31,69,1,380,2
13:48,132,67,1,227,4
13:51,95,50,1,291,24
13:54,41,58,1,37,2
13:57,51,57,1,70,1
14:00,18,94,46,279,24
14:08,101,66,49,308,4
14:16,93,66,16,263,4
14:24,110,77,12,264,4
14:32,9,68,11,369,4
14:40,73,79,4,338,2
14:48,23,32,2,266,8
14:56,111,53,4,217,8
15:04,40,86,2,73,1
15:12,35,83,1,81,8
15:20,11,9,1,217,24
15:28,133,36,1,301,2
15:36,85,55,1,108,1
15:44,138,4,1,271,4
16:00,10,0,97,8,4
16:08,121,34,12,121,24
16:16,77,70,37,62,8
16:24,141,5,70,235,1
16:32,135,55,27,110,8
16:40,97,3,25,227,1
16:48,62,45,1,91,8
16:56,62,93,4,35,24
17:04,38,21,11,380,24
17:12,136,37,11,38,1
17:20,6,73,11,90,2
17:28,71,83,6,180,1
17:36,21,94,5,351,2
17:44,122,31,7,90,2
18:00,8,85,12,239,8
18:06,27,83,57,351,24
18:12,106,1,25,238,1
18:18,68,96,29,125,8
18:24,79,20,12,276,8
18:30,85,34,29,366,4
18:36,54,27,16,334,1
18:42,17,36,3,266,4
18:48,83,91,16,346,24
18:54,10,25,4,214,2
19:00,2,96,4,6,24
19:06,97,26,3,166,2
19:12,121,75,2,113,4
19:18,106,37,2,298,2
19:24,87,75,1,123,1
19:30,118,9,1,362,4
19:36,139,9,1,324,24
19:42,23,65,1,250,4
19:48,113,45,1,130,24
19:54,129,91,1,143,24
20:00,23,40,43,44,24
20:08,23,19,16,12,2
20:16,131,45,22,75,1
20:24,128,40,5,100,1
20:32,18,7,3,391,1
20:40,63,85,3,270,24
20:48,40,53,2,208,4
20:56,88,2,4,163,8
21:04,58,43,2,380,8
21:12,57,68,3,3,24
21:20,10,87,1,153,24
21:28,21,57,2,302,24
21:36,41,43,1,190,4
21:44,40,96,1,228,24
22:00,40,4,26,162,2
22:10,83,4,14,45,2
22:20,71,29,5,39,24
22:30,56,46,2,29,2
22:40,148,63,4,275,8
22:50,36,57,2,82,2
23:00,74,12,1,179,24
23:10,97,0,1,258,24
23:20,144,80,1,57,2
23:30,137,24,1,218,24
23:40,1,48,1,188,24
23:50,132,18,1,179,1
