00:00,51,48,11,59,24
00:13,12,98,15,344,4
00:26,128,29,10,180,1
00:39,13,27,3,376,24
00:52,17,60,3,189,2
01:05,0,82,1,42,2
01:18,129,37,1,118,24
01:31,39,28,1,355,2
01:44,83,96,1,68,4
02:00,141,76,23,329,4
02:10,139,61,33,65,8
02:20,72,62,5,29,2
02:30,20,13,13,394,8
02:40,124,85,8,27,1
02:50,23,40,5,112,2
03:00,106,5,2,27,8
03:10,122,26,1,227,4
03:20,81,88,1,384,2
03:30,56,89,1,80,4
03:40,4,91,1,106,1
04:00,83,71,17,305,8
04:02,98,93,31,167,1
04:04,113,42,13,379,2
04:06,120,68,21,268,4
04:08,17,33,7,111,24
04:10,13,46,12,125,4
04:12,139,30,18,96,2
04:14,97,80,8,314,24
04:16,69,65,3,100,8
04:18,123,24,1,40,2
04:20,10,45,4,188,2
04:22,90,6,1,268,8
04:24,139,26,1,3,24
04:26,37,39,1,103,2
04:28,111,21,1,141,8
04:30,57,9,1,333,4
04:32,64,19,1,227,4
04:34,19,45,1,227,2
04:36,96,24,1,385,8
04:38,73,60,1,220,1
04:40,149,30,1,298,8
04:42,54,72,1,138,1
04:44,16,85,1,294,1
04:46,115,81,1,376,24
04:48,52,75,1,30,4
04:50,2,62,1,257,1
04:52,116,21,1,386,24
04:54,118,22,1,38,24
04:56,97,44,1,260,24
04:58,105,91,1,364,24
05:00,135,97,1,59,8
05:02,27,79,1,60,1
05:04,122,21,1,225,24
05:06,138,74,1,114,1
05:08,128,30,1,4,4
05:10,73,33,1,222,24
05:12,1,24,1,313,1
05:14,102,78,1,374,4
05:16,146,40,1,84,24
05:18,56,69,1,146,24
05:20,32,57,1,370,2
05:22,88,96,1,46,4
05:24,116,94,1,143,2
05:26,83,12,1,108,8
05:28,109,14,1,384,24
05:30,136,11,1,111,4
05:32,39,84,1,122,24
05:34,130,20,1,81,2
05:36,57,35,1,265,8
05:38,74,46,1,334,1
06:00,38,11,68,297,2
06:30,80,21,15,243,2
07:00,99,75,26,16,1
07:30,88,15,31,165,2
08:00,123,28,21,204,2
08:24,60,71,19,75,8
08:48,0,51,1,175,8
09:12,130,83,10,167,8
09:36,5,81,11,287,1
10:00,30,15,4,343,8
10:17,78,37,26,253,1
10:34,74,47,20,226,24
10:51,124,55,6,210,1
11:08,90,22,1,189,24
11:25,12,90,12,5,4
11:42,72,87,14,265,2
12:00,133,87,38,224,1
12:02,1,30,11,72,2
12:04,27,63,16,100,2
12:06,41,23,12,307,1
12:08,127,96,3,218,8
12:10,120,8,6,252,8
12:12,103,80,8,384,4
12:14,98,42,3,367,4
12:16,60,55,1,377,4
12:18,103,81,1,347,2
12:20,95,87,2,332,1
12:22,134,65,1,174,2
12:24,118,67,1,234,2
12:26,138,4,1,205,1
12:28,31,1,1,24,4
12:30,35,12,1,270,24
12:32,115,67,1,42,1
12:34,8,83,1,36,2
12:36,149,78,1,97,8
12:38,61,44,1,249,2
12:40,20,45,1,316,2
12:42,139,10,1,71,24
12:44,9,6,1,116,24
12:46,21,75,1,144,2
12:48,28,9,1,80,24
12:50,69,50,1,118,8
12:52,10,91,1,385,24
12:54,49,29,1,276,24
12:56,61,88,1,104,8
12:58,139,72,1,243,1
13:00,10,76,1,187,24
13:02,87,64,1,214,24
13:04,117,6,1,164,24
13:06,66,29,1,223,24
13:08,133,97,1,209,8
13:10,99,41,1,279,8
13:12,12,65,1,373,8
13:14,81,2,1,346,24
13:16,25,16,1,373,8
13:18,46,8,1,328,1
13:20,127,59,1,380,8
13:22,33,17,1,310,8
13:24,77,49,1,168,2
13:26,149,11,1,395,4
13:28,69,75,1,27,24
14:00,28,32,47,389,2
14:02,54,24,19,108,1
14:04,101,91,14,114,4
14:06,121,86,2,320,8
14:08,140,35,1,272,8
14:10,18,92,19,5,4
14:12,80,49,1,391,4
14:14,43,43,12,178,8
14:16,115,8,3,340,4
14:18,146,28,1,155,2
14:20,68,21,1,269,1
14:22,11,2,2,393,2
14:24,75,72,3,359,2
14:26,72,11,1,99,8
14:28,96,49,1,237,24
14:30,48,55,1,251,1
14:32,53,10,1,205,2
14:34,100,7,1,34,4
14:36,127,13,1,238,2
14:38,113,75,1,317,4
14:40,78,31,1,23,4
14:42,86,84,1,309,8
14:44,5,88,1,3,1
14:46,145,7,1,214,24
14:48,40,92,1,63,1
14:50,18,17,1,176,4
14:52,14,94,1,79,4
14:54,42,92,1,361,8
14:56,8,60,1,57,2
14:58,2,9,1,153,24
15:00,14,86,1,296,8
15:02,29,81,1,28,24
15:04,61,58,1,202,4
15:06,121,80,1,388,1
15:08,9,25,1,2,1
15:10,125,25,1,276,8
15:12,67,25,1,279,2
15:14,85,35,1,214,2
15:16,135,5,1,51,2
15:18,140,74,1,374,8
15:20,81,80,1,261,8
15:22,105,92,1,197,8
15:24,96,46,1,112,2
15:26,5,36,1,71,4
15:28,119,21,1,89,4
15:30,115,79,1,69,1
15:32,24,94,1,13,1
16:00,33,77,123,171,8
16:10,6,34,53,158,8
16:20,26,49,36,224,4
16:30,90,72,26,28,2
16:40,87,30,1,104,2
16:50,20,89,17,357,4
17:00,124,0,5,53,4
17:10,47,80,7,320,8
17:20,97,85,3,96,4
17:30,149,5,1,56,8
17:40,70,39,3,343,4
18:00,145,11,38,354,8
18:01,17,40,22,127,4
18:02,78,29,13,369,24
18:03,12,92,13,170,1
18:04,50,47,1,290,24
18:05,130,26,16,155,24
18:06,110,92,20,254,24
18:07,60,7,23,386,24
18:08,147,21,1,247,1
18:09,43,73,2,32,8
18:10,32,44,3,33,1
18:11,86,37,3,366,8
18:12,138,68,5,317,24
18:13,91,75,5,59,24
18:14,42,88,5,389,1
18:15,147,42,6,398,2
18:16,113,33,2,139,24
18:17,143,15,1,314,2
18:18,46,50,2,307,8
18:19,60,13,1,280,4
18:20,18,51,1,106,8
18:21,64,6,1,259,2
18:22,72,2,1,124,4
18:23,84,91,1,117,2
18:24,79,97,1,7,24
18:25,73,91,1,24,24
18:26,62,20,1,14,24
18:27,133,76,1,248,2
18:28,107,43,1,362,2
18:29,87,31,1,87,4
18:30,45,86,1,20,8
18:31,125,80,1,362,1
18:32,69,10,1,284,2
18:33,72,57,1,170,8
18:34,100,15,1,166,1
18:35,118,35,1,37,4
18:36,58,0,1,87,4
18:37,50,30,1,26,2
18:38,6,41,1,60,8
18:39,128,63,1,225,2
18:40,4,2,1,212,2
18:41,47,45,1,368,24
18:42,72,65,1,385,4
18:43,76,99,1,22,8
18:44,113,76,1,123,2
18:45,5,41,1,133,2
18:46,31,60,1,28,8
18:47,12,95,1,96,4
18:48,91,96,1,373,24
18:49,35,56,1,241,8
18:50,136,56,1,248,8
18:51,81,4,1,181,24
18:52,4,34,1,364,1
18:53,35,63,1,30,2
18:54,108,48,1,28,24
18:55,37,28,1,240,4
18:56,96,32,1,40,2
18:57,26,23,1,212,8
18:58,130,50,1,51,24
18:59,51,55,1,328,2
19:00,117,22,1,323,1
19:01,47,28,1,77,2
19:02,7,64,1,84,4
19:03,130,82,1,56,4
20:00,68,74,21,34,24
20:03,106,18,29,398,24
20:06,68,54,6,216,4
20:09,22,35,10,315,2
20:12,75,39,9,357,8
20:15,129,24,3,378,8
20:18,114,69,2,372,24
20:21,135,10,3,54,4
20:24,131,23,1,321,1
20:27,65,67,1,129,1
20:30,59,75,2,225,1
20:33,125,14,2,50,8
20:36,47,83,1,190,4
20:39,13,75,1,394,2
20:42,40,6,1,195,1
20:45,114,33,1,145,24
20:48,82,94,1,125,8
20:51,4,50,1,19,8
20:54,85,61,1,168,24
20:57,63,69,1,301,24
21:00,40,10,1,245,24
21:03,83,34,1,20,4
21:06,39,5,1,56,2
21:09,7,27,1,364,2
21:12,11,5,1,378,24
21:15,108,20,1,273,1
21:18,40,60,1,7,8
21:21,9,68,1,49,8
21:24,140,38,1,353,4
21:27,132,46,1,176,8
21:30,76,82,1,300,8
21:33,82,73,1,51,8
21:36,121,56,1,256,24
21:39,68,76,1,229,8
21:42,118,29,1,314,2
22:00,20,97,16,328,8
22:08,7,58,11,273,24
22:16,145,50,1,152,8
22:24,4,17,4,355,1
22:32,69,34,1,61,1
22:40,24,62,3,251,8
22:48,141,9,4,82,4
22:56,129,70,1,177,24
23:04,24,57,2,38,24
23:12,28,58,1,41,4
23:20,35,89,1,218,2
23:28,44,33,1,35,4
23:36,124,98,1,214,2
23:44,88,7,1,161,8
23:52,113,75,1,280,2
