00:00,7,34,4,389,4
00:02,2,82,22,83,1
00:04,120,11,23,244,8
00:06,90,34,20,358,8
00:08,68,78,4,79,8
00:10,140,31,5,31,4
00:12,147,51,1,385,4
00:14,102,15,2,78,4
00:16,76,60,2,185,4
00:18,80,64,2,340,8
00:20,79,39,1,327,1
00:22,117,32,2,93,24
00:24,124,91,1,283,8
00:26,68,86,1,147,8
00:28,79,80,1,211,2
00:30,149,96,1,34,4
00:32,0,41,1,360,1
00:34,46,64,1,33,2
00:36,30,40,1,93,4
00:38,129,10,1,300,8
00:40,25,56,1,105,2
00:42,11,59,1,372,8
00:44,36,32,1,324,4
00:46,80,23,1,189,1
00:48,28,54,1,318,2
00:50,61,43,1,286,4
00:52,114,61,1,281,1
00:54,143,8,1,277,8
00:56,121,20,1,234,8
00:58,19,42,1,273,24
01:00,92,52,1,203,1
01:02,91,18,1,150,1
01:04,109,45,1,284,8
01:06,81,77,1,300,24
01:08,12,65,1,365,8
01:10,3,90,1,224,2
01:12,108,89,1,262,2
01:14,53,48,1,338,8
01:16,105,43,1,95,4
01:18,50,33,1,53,8
01:20,69,70,1,248,8
02:00,99,24,6,253,8
02:02,94,69,34,198,24
02:04,131,31,70,245,1
02:06,78,98,17,377,2
02:08,8,12,19,214,4
02:10,100,92,4,141,4
02:12,107,71,1,361,4
02:14,59,1,1,156,4
02:16,123,52,3,192,4
02:18,33,7,12,112,8
02:20,128,73,4,112,24
02:22,52,94,4,391,8
02:24,65,75,1,328,2
02:26,134,87,2,122,2
02:28,56,52,1,242,4
02:30,42,92,1,65,2
02:32,19,11,1,398,24
02:34,119,1,1,308,1
02:36,57,2,1,29,8
02:38,95,80,1,226,24
02:40,19,16,1,65,4
02:42,1,97,1,289,2
02:44,139,93,1,258,1
02:46,101,6,1,376,1
02:48,12,76,1,362,2
02:50,129,24,1,101,4
02:52,95,72,1,23,8
02:54,10,75,1,185,24
02:56,116,92,1,316,4
02:58,59,98,1,375,1
03:00,90,71,1,159,8
03:02,74,9,1,105,2
03:04,130,32,1,220,4
03:06,109,69,1,379,2
03:08,27,66,1,337,2
03:10,9,7,1,349,4
03:12,92,89,1,257,2
03:14,46,45,1,165,4
03:16,1,11,1,321,8
03:18,55,12,1,107,24
03:20,29,53,1,62,8
03:22,135,29,1,188,2
04:00,117,41,52,107,4
04:17,142,97,46,297,4
04:34,18,68,25,371,2
04:51,82,59,48,256,24
05:08,58,82,1,14,1
05:25,23,25,24,132,2
05:42,95,77,75,258,24
06:00,106,14,4,351,24
06:05,125,90,42,210,2
06:10,54,42,5,366,2
06:15,75,57,17,196,24
06:20,94,87,97,390,2
06:25,7,55,4,151,2
06:30,139,82,24,145,2
06:35,46,23,6,63,2
06:40,43,12,29,145,24
06:45,11,21,8,212,24
06:50,1,60,13,336,24
06:55,82,97,10,35,8
07:00,116,96,3,68,4
07:05,1,32,3,177,1
07:10,56,1,2,68,2
07:15,127,1,3,294,8
07:20,70,22,1,125,1
07:25,139,67,1,202,2
07:30,68,89,1,198,2
07:35,101,29,1,267,24
07:40,0,62,1,323,24
07:45,28,82,1,266,24
08:00,109,76,11,106,8
08:02,145,45,43,37,1
08:04,83,21,3,347,4
08:06,90,43,3,384,8
08:08,117,33,4,105,4
08:10,40,50,26,252,4
08:12,69,83,9,314,24
08:14,147,15,1,119,1
08:16,97,49,1,14,2
08:18,0,59,7,179,1
08:20,147,13,1,43,8
08:22,139,71,3,88,4
08:24,149,63,1,153,4
08:26,48,53,2,13,4
08:28,104,23,1,22,1
08:30,20,31,1,189,2
08:32,129,71,1,53,1
08:34,112,39,1,217,2
08:36,103,21,1,137,1
08:38,100,56,1,388,2
08:40,134,90,1,102,24
08:42,113,48,1,4,1
08:44,56,65,1,261,24
08:46,102,91,1,259,1
08:48,125,49,1,2,2
08:50,39,24,1,97,24
08:52,37,72,1,95,24
08:54,83,29,1,320,1
08:56,9,99,1,208,8
08:58,99,47,1,390,24
09:00,138,60,1,237,2
09:02,109,80,1,143,2
09:04,132,14,1,323,8
09:06,38,64,1,281,1
09:08,117,8,1,131,8
09:10,6,65,1,102,2
09:12,13,71,1,225,4
09:14,131,10,1,158,4
09:16,68,87,1,279,24
09:18,1,43,1,42,1
09:20,13,90,1,335,4
09:22,145,80,1,106,8
09:24,144,57,1,317,4
09:26,87,82,1,368,24
09:28,57,61,1,339,8
09:30,87,49,1,226,24
09:32,111,60,1,202,2
09:34,20,45,1,188,1
09:36,110,37,1,319,4
09:38,12,43,1,11,1
09:40,32,51,1,84,4
09:42,10,89,1,291,1
09:44,87,99,1,219,24
09:46,75,28,1,90,2
09:48,47,61,1,351,8
10:00,8,90,26,69,2
10:02,75,89,52,280,1
10:04,95,58,27,16,24
10:06,141,16,1,209,1
10:08,81,84,2,88,2
10:10,33,55,7,344,2
10:12,72,72,2,242,2
10:14,149,93,9,225,2
10:16,38,33,9,131,24
10:18,132,81,5,189,4
10:20,134,81,5,132,2
10:22,68,0,4,247,2
10:24,8,43,1,239,24
10:26,41,78,2,319,8
10:28,63,66,1,50,2
10:30,15,17,1,360,2
10:32,92,76,1,145,4
10:34,99,94,1,268,8
10:36,27,6,1,155,2
10:38,131,54,1,66,2
10:40,31,74,1,101,1
10:42,63,82,1,243,1
10:44,101,85,1,292,4
10:46,18,79,1,62,4
10:48,75,6,1,302,8
10:50,76,93,1,262,1
10:52,66,33,1,209,8
10:54,26,97,1,63,8
10:56,35,64,1,157,2
10:58,143,24,1,180,8
11:00,89,89,1,278,24
11:02,88,62,1,84,4
11:04,57,71,1,355,4
11:06,23,52,1,128,2
11:08,70,80,1,338,2
11:10,45,66,1,79,8
11:12,119,40,1,194,24
11:14,87,5,1,331,8
11:16,6,49,1,343,1
11:18,27,74,1,129,8
11:20,95,50,1,9,1
11:22,103,54,1,276,8
12:00,94,45,61,126,4
12:01,8,83,7,125,4
12:02,28,74,14,14,4
12:03,91,96,17,310,2
12:04,146,34,17,269,2
12:05,13,18,20,140,24
12:06,75,1,2,82,24
12:07,80,97,21,200,1
12:08,116,8,1,50,2
12:09,11,87,17,217,2
12:10,123,60,8,49,8
12:11,0,72,3,170,1
12:12,23,28,1,187,4
12:13,57,92,1,334,8
12:14,94,98,2,232,4
12:15,21,9,1,320,2
12:16,67,81,1,317,4
12:17,119,39,1,97,2
12:18,38,54,1,388,1
12:19,18,11,1,218,24
12:20,89,2,1,101,8
12:21,0,77,1,218,24
12:22,1,29,1,129,8
12:23,110,72,1,273,2
12:24,89,59,1,332,4
12:25,72,85,1,54,2
12:26,85,81,1,316,24
12:27,110,93,1,19,1
12:28,62,46,1,286,4
12:29,25,5,1,292,8
12:30,17,3,1,160,2
12:31,76,69,1,379,4
12:32,91,87,1,248,24
12:33,64,35,1,78,1
12:34,11,84,1,219,2
12:35,108,15,1,247,8
12:36,52,36,1,215,24
12:37,47,54,1,275,8
12:38,137,5,1,170,2
12:39,130,64,1,341,1
12:40,17,2,1,217,24
12:41,94,91,1,304,1
12:42,76,3,1,362,1
12:43,103,55,1,400,1
12:44,60,81,1,122,8
12:45,31,89,1,17,24
12:46,107,67,1,23,8
12:47,149,11,1,246,2
12:48,39,83,1,23,4
12:49,38,92,1,20,24
12:50,15,63,1,176,24
12:51,67,84,1,21,2
12:52,143,32,1,141,4
12:53,10,80,1,277,24
12:54,51,66,1,47,2
12:55,60,64,1,200,4
12:56,53,90,1,282,1
12:57,59,99,1,130,8
12:58,118,59,1,52,2
12:59,37,67,1,205,24
13:00,100,89,1,106,1
13:01,47,86,1,135,8
13:02,14,57,1,171,4
13:03,2,2,1,386,24
13:04,40,59,1,10,4
13:05,63,2,1,18,8
13:06,138,3,1,256,4
13:07,83,99,1,162,1
13:08,87,25,1,280,1
13:09,109,28,1,48,2
13:10,15,37,1,321,24
13:11,1,34,1,172,8
13:12,63,3,1,223,24
13:13,81,56,1,252,2
13:14,81,84,1,379,24
13:15,43,0,1,251,24
13:16,80,95,1,126,2
13:17,71,56,1,326,8
13:18,116,53,1,58,1
13:19,127,95,1,142,8
13:20,51,17,1,66,8
13:21,35,73,1,249,4
13:22,42,33,1,380,24
13:23,14,23,1,112,24
13:24,118,31,1,278,24
13:25,148,16,1,226,1
13:26,49,25,1,206,4
13:27,140,17,1,96,4
13:28,15,5,1,217,8
13:29,148,62,1,239,4
13:30,44,30,1,317,8
13:31,69,10,1,137,24
14:00,76,81,113,114,8
14:01,7,91,61,354,24
14:02,69,24,27,378,8
14:03,48,88,13,48,24
14:04,2,57,2,31,1
14:05,117,18,1,305,1
14:06,30,18,5,169,8
14:07,82,32,3,111,1
14:08,131,72,4,27,1
14:09,81,29,2,142,8
14:10,75,2,2,74,2
14:11,83,91,1,87,1
14:12,70,47,1,66,4
14:13,140,95,1,28,1
14:14,102,98,1,262,2
14:15,57,21,1,271,8
14:16,25,5,1,104,8
14:17,38,0,1,293,24
14:18,76,61,1,310,2
14:19,19,41,1,23,2
14:20,38,56,1,85,8
14:21,103,99,1,211,8
14:22,64,75,1,139,24
14:23,6,46,1,88,4
14:24,143,24,1,147,8
14:25,24,92,1,333,1
14:26,6,60,1,61,24
14:27,146,14,1,122,8
14:28,117,45,1,188,1
14:29,129,72,1,78,8
14:30,18,93,1,230,4
14:31,96,57,1,56,2
14:32,97,54,1,23,1
14:33,76,5,1,77,1
14:34,107,49,1,270,4
14:35,80,31,1,184,1
14:36,41,83,1,126,24
14:37,103,70,1,53,8
14:38,14,42,1,270,8
14:39,81,44,1,374,2
14:40,139,20,1,378,8
14:41,34,78,1,367,24
14:42,92,83,1,16,2
14:43,4,42,1,313,8
14:44,59,52,1,308,24
14:45,51,50,1,194,24
14:46,124,53,1,285,1
14:47,118,54,1,283,2
14:48,79,35,1,213,24
14:49,83,53,1,345,4
14:50,64,8,1,237,1
14:51,57,32,1,149,2
14:52,128,18,1,294,2
14:53,84,30,1,396,8
14:54,18,74,1,185,4
14:55,116,39,1,223,1
14:56,21,17,1,48,4
14:57,68,97,1,356,4
14:58,41,79,1,219,2
14:59,127,18,1,99,1
15:00,134,63,1,364,1
15:01,83,99,1,90,24
15:02,130,4,1,235,8
15:03,87,46,1,74,24
15:04,1,76,1,355,1
15:05,29,82,1,183,4
15:06,120,68,1,67,2
15:07,61,14,1,12,2
15:08,110,85,1,350,24
15:09,14,10,1,309,24
15:10,15,25,1,283,1
15:11,84,93,1,147,1
15:12,131,67,1,293,4
15:13,104,8,1,348,1
15:14,38,63,1,44,24
15:15,51,34,1,104,2
15:16,15,31,1,339,1
15:17,134,45,1,293,1
15:18,98,32,1,368,4
15:19,138,59,1,164,4
15:20,67,25,1,144,1
15:21,54,43,1,137,1
15:22,115,36,1,96,1
15:23,102,92,1,159,8
15:24,119,60,1,68,24
15:25,128,58,1,114,1
15:26,76,69,1,180,24
15:27,8,57,1,307,4
15:28,79,40,1,138,24
15:29,22,55,1,312,2
15:30,13,39,1,389,8
15:31,111,66,1,233,4
15:32,88,86,1,233,8
15:33,94,96,1,83,4
15:34,25,32,1,61,1
15:35,16,97,1,169,24
15:36,62,11,1,60,8
15:37,129,8,1,398,1
15:38,141,40,1,276,1
15:39,74,34,1,285,8
15:40,35,0,1,42,8
15:41,25,6,1,114,4
15:42,17,30,1,308,8
15:43,78,56,1,78,2
15:44,59,90,1,317,24
16:00,61,72,176,153,2
16:02,44,27,167,7,1
16:04,14,46,27,31,4
16:06,6,88,2,53,2
16:08,136,65,26,388,8
16:10,119,71,46,278,24
16:12,107,62,24,7,2
16:14,24,43,16,313,1
16:16,137,22,6,274,1
16:18,28,21,21,340,8
16:20,46,10,12,284,24
16:22,40,87,6,279,24
16:24,55,75,5,43,24
16:26,57,68,6,156,2
16:28,68,31,4,139,24
16:30,128,66,3,263,2
16:32,107,27,3,49,4
16:34,146,1,2,13,24
16:36,28,87,2,114,8
16:38,140,54,1,78,8
16:40,99,86,1,177,1
16:42,32,82,1,11,8
16:44,42,11,1,63,4
16:46,102,98,1,323,8
16:48,35,69,1,383,8
16:50,135,12,1,244,8
16:52,4,58,1,271,1
16:54,28,77,1,221,2
16:56,116,66,1,305,8
16:58,50,44,1,276,1
17:00,80,58,1,140,4
17:02,120,49,1,368,2
17:04,112,81,1,123,2
17:06,0,27,1,336,2
17:08,86,26,1,173,24
17:10,80,16,1,386,8
17:12,122,40,1,195,8
17:14,39,34,1,60,8
17:16,27,74,1,325,8
17:18,79,76,1,391,1
17:20,26,51,1,62,24
17:22,142,81,1,111,4
17:24,143,11,1,235,2
17:26,100,89,1,213,2
17:28,59,0,1,32,2
17:30,53,66,1,348,8
17:32,3,42,1,291,2
17:34,87,12,1,207,1
17:36,45,15,1,255,24
17:38,64,89,1,282,1
17:40,86,55,1,19,8
17:42,50,51,1,333,4
17:44,89,58,1,208,24
17:46,96,57,1,380,4
17:48,75,97,1,286,4
18:00,28,68,126,190,8
18:07,55,4,95,138,8
18:14,124,56,64,90,8
18:21,7,65,22,265,24
18:28,17,83,14,19,2
18:35,142,12,12,333,2
18:42,93,75,18,389,2
18:49,110,88,4,293,24
18:56,27,53,4,16,2
19:03,34,3,3,201,4
19:10,58,42,2,71,2
19:17,131,57,3,173,2
19:24,1,74,2,17,8
19:31,109,28,1,148,4
19:38,91,8,1,222,4
19:45,147,90,1,20,1
20:00,49,12,57,182,2
20:01,75,45,1,317,2
20:02,72,20,24,326,8
20:03,144,26,33,350,4
20:04,8,24,6,70,8
20:05,30,68,30,102,24
20:06,48,3,5,310,24
20:07,59,26,2,215,4
20:08,32,57,10,135,2
20:09,9,76,5,397,4
20:10,137,41,4,273,24
20:11,46,1,4,299,1
20:12,30,55,2,191,2
20:13,148,70,1,176,24
20:14,114,21,1,12,2
20:15,134,6,1,204,2
20:16,58,91,1,375,24
20:17,130,30,1,146,1
20:18,0,64,1,393,8
20:19,86,96,1,14,1
20:20,48,50,1,1,8
20:21,4,92,1,274,2
20:22,132,10,1,35,1
20:23,144,13,1,33,2
20:24,3,33,1,68,2
20:25,42,59,1,101,1
20:26,88,84,1,256,4
20:27,81,76,1,42,2
20:28,11,1,1,389,8
20:29,108,32,1,17,2
20:30,102,28,1,37,8
20:31,138,52,1,30,2
20:32,76,11,1,359,4
20:33,108,30,1,298,1
20:34,62,54,1,134,8
20:35,26,79,1,226,4
20:36,73,8,1,208,24
20:37,74,68,1,261,24
20:38,72,80,1,233,2
20:39,10,97,1,26,2
20:40,121,21,1,182,8
20:41,30,37,1,104,1
20:42,132,54,1,82,1
20:43,68,49,1,61,4
20:44,1,59,1,348,1
20:45,69,80,1,120,4
20:46,46,22,1,247,1
20:47,105,30,1,46,24
20:48,130,43,1,217,2
20:49,71,14,1,344,24
20:50,125,84,1,157,2
20:51,31,97,1,163,8
20:52,79,97,1,145,1
20:53,5,90,1,63,8
20:54,41,30,1,313,1
20:55,65,61,1,337,2
20:56,11,80,1,153,8
20:57,9,63,1,34,4
20:58,13,96,1,31,2
20:59,44,9,1,45,4
21:00,3,84,1,71,24
21:01,113,16,1,52,1
21:02,1,99,1,196,2
22:00,35,5,32,253,2
22:02,74,40,24,325,4
22:04,69,29,1,175,8
22:06,103,70,14,317,1
22:08,72,19,6,268,4
22:10,101,11,7,80,24
22:12,39,31,4,39,1
22:14,7,6,1,244,24
22:16,76,58,2,251,24
22:18,32,39,1,69,2
22:20,81,5,1,313,2
22:22,26,30,1,157,2
22:24,26,0,1,5,1
22:26,15,52,1,116,2
22:28,25,26,1,364,1
22:30,60,21,1,328,24
22:32,82,26,1,247,4
22:34,17,35,1,265,8
22:36,125,74,1,79,8
22:38,8,79,1,62,24
22:40,33,46,1,164,4
22:42,147,4,1,158,8
22:44,25,33,1,41,2
22:46,19,91,1,296,2
22:48,113,69,1,374,1
22:50,55,18,1,188,1
22:52,56,26,1,68,4
22:54,29,21,1,399,2
22:56,59,11,1,133,1
22:58,45,84,1,187,1
23:00,24,85,1,138,2
23:02,77,90,1,333,8
23:04,118,77,1,42,1
23:06,142,7,1,101,8
23:08,129,38,1,146,8
23:10,51,27,1,10,8
23:12,38,5,1,271,1
23:14,146,42,1,371,8
23:16,42,16,1,342,4
23:18,51,42,1,127,4
23:20,76,40,1,189,8
23:22,36,24,1,142,4
23:24,129,3,1,223,24
