00:00,114,53,48,330,8
00:02,100,58,3,52,4
00:04,40,19,11,340,24
00:06,12,27,10,185,1
00:08,128,20,8,383,2
00:10,146,60,8,364,8
00:12,119,79,6,201,1
00:14,12,68,4,11,4
00:16,121,70,3,353,4
00:18,144,14,3,174,1
00:20,108,30,2,35,4
00:22,20,93,1,353,1
00:24,49,15,1,123,8
00:26,120,32,1,75,8
00:28,141,44,1,9,8
00:30,27,9,1,142,24
00:32,27,94,1,61,8
00:34,90,10,1,366,4
00:36,64,52,1,330,8
00:38,95,74,1,222,2
00:40,83,80,1,265,8
00:42,70,70,1,328,24
00:44,30,52,1,5,1
00:46,18,41,1,108,4
00:48,70,54,1,382,4
00:50,82,72,1,152,4
00:52,18,76,1,182,4
00:54,53,94,1,85,2
00:56,36,5,1,71,1
00:58,98,41,1,42,8
01:00,110,66,1,139,24
01:02,46,12,1,295,8
01:04,60,86,1,226,1
01:06,117,91,1,27,24
01:08,70,23,1,256,24
01:10,66,94,1,110,1
01:12,75,82,1,284,1
01:14,101,90,1,8,24
01:16,0,79,1,162,8
01:18,113,94,1,280,24
01:20,118,38,1,337,24
01:22,119,24,1,206,1
01:24,16,24,1,382,8
01:26,50,45,1,81,24
01:28,22,19,1,47,4
01:30,20,88,1,202,24
01:32,64,62,1,17,24
01:34,128,56,1,55,1
01:36,136,7,1,291,8
01:38,56,90,1,57,8
01:40,120,19,1,57,24
01:42,122,76,1,230,4
02:00,137,29,54,137,2
02:04,81,39,63,96,2
02:08,122,57,46,28,8
02:12,14,96,11,47,1
02:16,27,78,19,89,4
02:20,133,79,9,146,24
02:24,7,79,3,196,4
02:28,129,53,5,382,24
02:32,33,94,1,303,1
02:36,27,15,2,326,1
02:40,52,73,1,151,2
02:44,10,70,1,172,24
02:48,24,78,1,47,2
02:52,88,28,1,138,4
02:56,55,7,1,118,1
03:00,82,50,1,385,8
03:04,79,40,1,243,2
03:08,19,24,1,97,2
03:12,21,37,1,97,8
03:16,32,64,1,271,24
03:20,79,53,1,80,1
03:24,89,8,1,5,1
03:28,34,82,1,66,4
03:32,57,62,1,175,2
03:36,114,39,1,79,1
03:40,21,90,1,64,24
03:44,62,21,1,354,2
03:48,36,16,1,315,2
03:52,148,31,1,282,4
04:00,25,9,19,312,8
04:04,119,75,8,64,24
04:08,48,89,22,249,1
04:12,82,92,94,285,8
04:16,119,7,3,306,8
04:20,35,41,24,88,4
04:24,99,93,53,114,2
04:28,100,76,1,20,4
04:32,130,10,2,269,24
04:36,51,58,21,385,4
04:40,88,63,27,155,1
04:44,80,0,15,64,1
04:48,0,78,17,52,8
04:52,61,85,1,234,4
04:56,41,92,5,168,4
05:00,16,17,3,30,8
05:04,30,45,2,164,4
05:08,24,45,3,6,2
05:12,53,56,3,195,8
05:16,11,98,1,317,2
05:20,93,67,1,142,1
05:24,1,88,1,220,2
05:28,10,44,1,380,8
05:32,31,10,1,216,1
05:36,90,38,1,39,8
05:40,15,37,1,209,8
05:44,38,91,1,225,2
05:48,110,38,1,92,4
05:52,97,6,1,97,2
05:56,54,71,1,273,24
06:00,128,88,145,394,24
06:00,89,62,16,291,24
06:00,98,81,71,306,1
06:00,32,16,38,117,2
06:00,115,50,23,61,24
06:00,94,56,4,363,8
06:00,40,93,9,293,24
06:00,67,58,3,149,24
06:00,55,96,7,25,2
06:00,18,95,5,324,1
06:00,72,44,1,376,24
06:00,115,69,2,259,24
06:00,43,46,1,238,8
06:00,144,32,1,23,2
06:00,21,44,1,102,24
06:00,77,49,1,228,4
06:00,147,65,1,200,1
06:00,130,11,1,163,1
06:00,131,9,1,318,1
06:00,82,29,1,353,4
06:00,147,75,1,214,8
06:00,16,96,1,286,1
06:00,93,34,1,130,4
06:00,71,72,1,60,2
06:00,85,87,1,198,24
06:00,117,48,1,291,8
06:00,102,36,1,221,1
06:00,146,94,1,15,8
06:00,4,8,1,196,8
06:00,14,41,1,320,4
06:00,73,69,1,350,1
06:00,82,89,1,137,24
06:00,124,48,1,94,4
06:00,4,50,1,65,8
06:00,61,77,1,16,8
06:00,61,49,1,230,8
06:00,141,72,1,129,8
06:00,116,22,1,53,24
06:00,14,97,1,81,8
06:00,12,36,1,307,24
06:00,102,37,1,104,1
06:00,76,29,1,183,8
06:00,143,55,1,79,2
06:00,147,71,1,29,2
06:00,7,20,1,371,2
06:00,24,3,1,213,8
06:00,95,59,1,293,1
06:00,70,98,1,386,2
06:00,50,9,1,333,24
06:00,39,3,1,236,2
06:00,37,94,1,370,8
06:00,137,47,1,110,24
06:00,131,71,1,131,4
06:00,117,65,1,392,2
06:00,100,57,1,33,24
06:00,39,30,1,286,8
06:00,122,77,1,259,4
06:00,56,42,1,184,2
06:00,140,78,1,129,4
06:00,81,73,1,368,8
06:00,142,1,1,201,1
06:00,44,95,1,183,8
06:00,72,90,1,269,24
06:00,8,73,1,288,2
06:00,77,15,1,51,2
06:00,82,89,1,51,24
06:00,7,84,1,180,4
06:00,40,30,1,267,4
06:00,81,18,1,253,4
06:00,64,26,1,376,2
06:00,126,15,1,113,2
06:00,76,41,1,334,2
06:00,18,61,1,21,1
06:00,78,1,1,293,2
06:00,133,19,1,195,1
06:00,149,68,1,199,4
06:00,30,55,1,344,1
06:00,61,36,1,293,24
06:00,21,54,1,198,8
06:00,131,60,1,370,8
06:00,20,15,1,34,2
06:00,15,77,1,102,4
06:00,103,52,1,262,2
06:00,117,90,1,92,24
06:00,72,7,1,176,4
06:00,22,83,1,324,8
06:00,38,22,1,2,8
06:00,68,6,1,2,8
06:00,134,68,1,368,24
06:00,35,97,1,30,8
06:00,143,10,1,85,8
06:00,41,5,1,370,8
06:00,6,34,1,271,8
06:00,12,34,1,223,1
06:00,130,95,1,318,24
06:00,105,57,1,376,2
06:00,16,8,1,185,2
06:00,55,85,1,165,4
06:00,138,85,1,217,1
06:00,14,3,1,225,2
06:00,149,53,1,363,2
06:00,116,38,1,76,24
06:00,144,46,1,259,1
06:00,6,79,1,395,1
06:00,45,19,1,260,2
06:00,83,10,1,259,8
06:00,113,97,1,24,2
06:00,81,51,1,113,8
06:00,44,43,1,238,8
06:00,115,82,1,69,2
06:00,49,6,1,215,1
06:00,84,75,1,34,2
06:00,112,77,1,120,4
06:00,68,51,1,32,4
06:00,79,91,1,60,4
06:00,148,61,1,123,24
06:00,106,48,1,63,4
06:00,110,70,1,353,4
06:00,22,39,1,163,8
06:00,134,66,1,231,24
06:00,26,55,1,207,8
06:00,48,1,1,132,1
06:00,145,78,1,187,8
06:00,56,58,1,309,2
06:00,30,37,1,86,8
06:00,76,83,1,312,4
06:00,49,98,1,160,4
06:00,36,79,1,289,8
06:00,75,89,1,176,8
06:00,136,26,1,280,24
08:00,90,87,49,296,2
08:01,32,76,7,373,4
08:02,131,12,34,194,1
08:03,102,12,11,332,24
08:04,11,60,2,370,4
08:05,130,19,1,113,1
08:06,33,32,16,398,2
08:07,8,24,10,60,1
08:08,68,13,2,365,2
08:09,42,15,3,364,1
08:10,125,80,1,36,2
08:11,57,3,1,260,24
08:12,149,51,1,3,8
08:13,75,2,1,56,24
08:14,7,9,1,121,24
08:15,37,32,1,175,8
08:16,18,28,1,93,24
08:17,49,0,1,132,8
08:18,142,38,1,65,2
08:19,54,1,1,122,1
08:20,117,32,1,249,24
08:21,15,90,1,135,2
08:22,8,72,1,349,2
08:23,92,82,1,199,24
08:24,103,77,1,250,8
08:25,76,28,1,8,2
08:26,100,62,1,257,2
08:27,21,72,1,284,1
08:28,135,84,1,246,8
08:29,115,25,1,42,1
08:30,41,91,1,67,1
08:31,125,73,1,334,4
08:32,49,13,1,339,8
08:33,39,48,1,36,2
08:34,41,91,1,23,24
08:35,8,93,1,129,24
08:36,46,62,1,148,2
08:37,131,51,1,266,24
08:38,74,15,1,290,24
08:39,81,2,1,283,2
08:40,64,28,1,271,4
08:41,122,0,1,130,24
08:42,111,25,1,26,2
08:43,149,68,1,129,4
08:44,93,99,1,88,24
08:45,74,70,1,335,2
08:46,118,93,1,195,2
08:47,50,17,1,23,8
08:48,74,54,1,214,8
08:49,42,7,1,103,24
08:50,11,64,1,19,1
08:51,58,93,1,99,24
08:52,22,24,1,237,8
08:53,52,65,1,320,2
08:54,39,79,1,13,2
08:55,123,22,1,138,2
08:56,24,54,1,97,24
08:57,132,51,1,46,8
08:58,99,11,1,313,2
08:59,69,44,1,192,24
09:00,86,70,1,377,8
09:01,5,7,1,198,8
09:02,63,94,1,169,4
09:03,74,4,1,187,24
09:04,66,1,1,200,2
09:05,21,26,1,157,1
09:06,4,11,1,277,1
09:07,147,20,1,271,4
09:08,79,12,1,388,1
10:00,69,25,46,135,1
10:04,42,58,55,41,1
10:08,46,99,43,98,24
10:12,135,39,18,336,4
10:16,101,55,5,321,24
10:20,70,5,5,290,2
10:24,71,19,5,111,2
10:28,122,33,2,178,24
10:32,33,78,3,381,4
10:36,62,21,2,233,4
10:40,25,42,1,205,2
10:44,18,78,1,37,1
10:48,118,44,1,394,1
10:52,27,65,1,338,2
10:56,25,63,1,343,8
11:00,125,6,1,21,1
11:04,92,24,1,161,1
11:08,122,90,1,381,4
11:12,73,73,1,25,24
11:16,1,24,1,252,2
11:20,8,26,1,164,2
11:24,23,74,1,106,2
11:28,43,89,1,153,8
11:32,96,20,1,96,1
11:36,102,79,1,358,1
12:00,99,13,15,326,2
12:01,28,81,33,189,1
12:02,7,83,91,126,2
12:03,20,61,31,392,2
12:04,140,20,17,81,4
12:05,21,12,11,173,8
12:06,145,39,4,384,2
12:07,65,2,15,31,1
12:08,147,71,6,389,2
12:09,116,78,1,26,24
12:10,78,60,1,339,4
12:11,45,50,3,342,24
12:12,2,11,3,36,4
12:13,60,7,1,243,2
12:14,17,62,1,217,1
12:15,51,81,1,346,24
12:16,26,3,1,299,24
12:17,78,54,1,357,24
12:18,76,46,1,61,8
12:19,32,33,1,372,4
12:20,27,80,1,188,4
12:21,57,14,1,381,8
12:22,123,96,1,70,1
12:23,98,69,1,200,4
12:24,109,35,1,271,24
12:25,112,74,1,146,8
12:26,55,75,1,78,8
12:27,136,44,1,62,4
12:28,92,38,1,62,24
12:29,44,58,1,143,1
12:30,60,40,1,285,2
12:31,125,21,1,128,8
12:32,64,56,1,192,2
12:33,13,39,1,44,8
12:34,31,27,1,397,24
12:35,140,86,1,230,1
12:36,48,47,1,207,24
12:37,122,23,1,35,24
12:38,37,30,1,374,4
12:39,58,63,1,363,1
12:40,116,29,1,196,8
12:41,123,54,1,75,2
12:42,109,13,1,306,2
12:43,109,91,1,278,8
12:44,106,61,1,121,1
12:45,5,29,1,95,2
12:46,135,22,1,265,4
12:47,18,29,1,177,2
12:48,51,29,1,309,4
12:49,96,50,1,359,8
12:50,88,97,1,276,4
12:51,135,51,1,276,2
12:52,49,51,1,18,1
12:53,34,24,1,364,2
12:54,37,52,1,141,4
12:55,86,46,1,105,4
12:56,6,22,1,169,2
12:57,77,26,1,360,24
12:58,78,55,1,268,8
12:59,59,98,1,297,2
13:00,39,1,1,35,2
13:01,63,92,1,322,8
13:02,48,72,1,139,4
13:03,6,73,1,157,2
13:04,4,15,1,9,24
13:05,93,48,1,373,2
13:06,117,79,1,130,1
13:07,60,24,1,253,24
13:08,71,79,1,259,24
13:09,141,46,1,249,8
13:10,6,14,1,315,2
13:11,85,40,1,179,4
13:12,37,0,1,140,1
13:13,131,79,1,231,1
13:14,90,46,1,158,4
13:15,134,89,1,56,24
13:16,93,1,1,268,1
13:17,141,32,1,233,4
13:18,73,63,1,245,4
13:19,4,38,1,52,1
13:20,135,53,1,300,2
13:21,73,51,1,70,2
13:22,40,46,1,8,24
13:23,86,86,1,321,2
13:24,40,67,1,388,8
13:25,104,63,1,25,4
13:26,26,17,1,192,2
13:27,7,91,1,360,1
13:28,79,30,1,143,8
13:29,146,55,1,266,8
13:30,7,52,1,183,2
13:31,148,37,1,337,4
13:32,1,25,1,100,24
13:33,126,84,1,18,2
13:34,86,57,1,38,24
13:35,68,55,1,390,1
13:36,108,3,1,78,1
13:37,87,21,1,59,1
13:38,110,53,1,277,2
13:39,119,32,1,224,24
13:40,134,3,1,340,4
13:41,37,5,1,140,4
13:42,131,80,1,317,1
13:43,138,22,1,136,8
13:44,91,93,1,97,4
13:45,128,76,1,128,2
13:46,26,19,1,200,24
13:47,86,93,1,278,24
13:48,100,49,1,28,8
13:49,23,36,1,255,4
14:00,67,60,80,147,24
14:01,141,54,84,239,1
14:02,81,44,18,290,1
14:03,22,16,30,253,4
14:04,90,75,6,62,2
14:05,12,2,20,284,4
14:06,104,71,10,17,24
14:07,27,46,11,27,2
14:08,101,24,1,22,8
14:09,37,90,4,47,2
14:10,143,66,9,263,8
14:11,56,98,3,142,2
14:12,16,12,3,118,2
14:13,11,32,1,106,2
14:14,14,54,1,118,8
14:15,109,11,1,153,8
14:16,140,70,1,260,4
14:17,13,37,1,349,8
14:18,118,0,1,53,4
14:19,19,65,1,59,8
14:20,133,10,1,143,8
14:21,50,7,1,249,24
14:22,91,90,1,171,4
14:23,131,0,1,36,1
14:24,63,77,1,247,24
14:25,115,35,1,75,2
14:26,99,55,1,340,2
14:27,41,53,1,98,4
14:28,137,54,1,8,24
14:29,48,66,1,224,4
14:30,141,39,1,348,2
14:31,120,74,1,224,8
14:32,113,84,1,223,1
14:33,35,85,1,228,8
14:34,110,44,1,290,4
14:35,19,84,1,109,24
14:36,59,49,1,363,4
14:37,50,82,1,245,8
14:38,28,5,1,34,1
14:39,91,39,1,70,4
14:40,136,86,1,86,8
14:41,123,12,1,192,24
14:42,56,82,1,377,1
14:43,143,29,1,230,4
14:44,92,23,1,47,4
14:45,111,98,1,129,4
14:46,123,88,1,356,4
14:47,41,39,1,60,2
14:48,7,75,1,115,1
14:49,3,52,1,279,2
14:50,22,17,1,224,8
14:51,94,9,1,228,1
14:52,105,69,1,382,24
14:53,74,42,1,125,2
14:54,19,45,1,329,2
14:55,83,32,1,12,24
14:56,120,8,1,142,4
14:57,106,87,1,337,4
14:58,11,22,1,398,8
14:59,24,86,1,239,2
15:00,21,3,1,239,4
15:01,24,51,1,143,24
15:02,35,0,1,347,1
15:03,94,88,1,108,24
15:04,78,31,1,111,4
15:05,4,43,1,214,8
15:06,138,32,1,157,2
15:07,146,35,1,128,4
15:08,39,71,1,170,8
15:09,120,8,1,65,4
15:10,13,99,1,257,8
15:11,53,55,1,166,24
15:12,60,90,1,350,4
15:13,93,59,1,318,2
15:14,122,43,1,100,24
15:15,110,77,1,61,1
15:16,99,15,1,312,1
15:17,14,5,1,266,2
15:18,68,88,1,115,24
15:19,85,23,1,1,2
15:20,81,89,1,99,4
15:21,109,83,1,161,4
15:22,26,79,1,379,24
15:23,94,42,1,303,8
15:24,46,38,1,47,2
15:25,57,83,1,258,4
15:26,141,38,1,233,8
15:27,118,98,1,292,2
15:28,118,95,1,55,4
15:29,12,76,1,88,1
15:30,36,61,1,394,24
15:31,61,41,1,382,2
15:32,83,68,1,8,1
15:33,67,21,1,80,8
15:34,145,50,1,267,1
15:35,87,95,1,153,2
15:36,121,36,1,320,2
15:37,103,45,1,105,8
16:00,24,56,77,339,2
16:00,97,57,31,235,4
16:00,114,83,146,78,2
16:00,69,56,202,362,1
16:00,62,29,8,260,1
16:00,59,8,11,39,24
16:00,128,81,92,240,4
16:00,98,39,44,84,8
16:00,102,49,30,162,2
16:00,33,71,14,34,2
16:00,55,69,2,198,24
16:00,40,60,4,224,24
16:00,136,63,6,3,2
16:00,40,12,3,69,8
16:00,106,11,2,48,2
16:00,130,50,2,62,8
16:00,112,85,2,81,2
16:00,71,11,2,136,4
16:00,65,26,1,159,1
16:00,74,94,1,187,1
16:00,51,94,1,189,4
16:00,136,7,1,248,1
16:00,16,20,1,96,1
16:00,111,4,1,2,24
16:00,59,93,1,196,24
16:00,118,22,1,158,2
16:00,101,9,1,377,1
16:00,82,9,1,39,1
16:00,143,53,1,196,1
16:00,53,62,1,235,8
16:00,31,41,1,28,4
16:00,43,77,1,108,1
16:00,118,71,1,61,1
16:00,2,86,1,144,2
16:00,113,10,1,104,1
16:00,20,92,1,177,1
16:00,80,80,1,33,24
16:00,83,98,1,205,8
16:00,63,32,1,127,2
16:00,128,32,1,135,24
16:00,100,25,1,144,4
16:00,77,44,1,357,1
16:00,56,26,1,211,2
16:00,24,14,1,352,1
16:00,24,44,1,156,4
16:00,149,71,1,119,24
16:00,57,91,1,292,1
16:00,49,72,1,12,2
16:00,95,76,1,310,1
16:00,1,32,1,389,2
16:00,139,56,1,386,4
16:00,130,69,1,140,1
16:00,24,84,1,334,2
16:00,94,63,1,400,4
16:00,114,23,1,96,24
16:00,132,14,1,98,4
16:00,12,88,1,197,4
16:00,3,37,1,393,1
16:00,73,13,1,94,8
16:00,131,38,1,382,2
16:00,52,85,1,78,2
16:00,100,71,1,32,24
16:00,71,43,1,93,24
16:00,85,41,1,113,4
16:00,132,28,1,391,4
16:00,15,75,1,215,4
16:00,104,77,1,174,8
16:00,105,99,1,109,2
16:00,46,34,1,148,1
16:00,131,94,1,160,2
16:00,70,68,1,114,2
16:00,138,55,1,306,8
16:00,37,5,1,388,1
16:00,19,19,1,234,1
16:00,50,7,1,282,2
16:00,115,16,1,353,2
16:00,99,96,1,376,1
16:00,40,77,1,23,4
16:00,137,29,1,167,1
16:00,25,16,1,284,24
16:00,47,38,1,162,1
16:00,54,65,1,151,24
16:00,147,99,1,346,4
16:00,63,12,1,3,1
16:00,41,7,1,211,24
16:00,50,99,1,189,1
16:00,85,24,1,341,8
16:00,28,77,1,87,8
16:00,70,48,1,299,2
16:00,75,64,1,168,24
16:00,19,27,1,247,8
16:00,51,0,1,378,24
16:00,4,78,1,44,4
16:00,70,90,1,122,2
16:00,131,97,1,35,2
16:00,89,78,1,380,8
16:00,44,2,1,199,24
16:00,148,29,1,244,4
16:00,92,68,1,104,8
16:00,6,52,1,190,2
16:00,75,62,1,380,24
16:00,128,38,1,247,24
16:00,62,97,1,89,8
16:00,132,54,1,290,1
16:00,134,73,1,268,8
16:00,131,59,1,100,1
16:00,112,77,1,182,4
16:00,18,27,1,247,4
16:00,5,82,1,265,8
16:00,22,25,1,315,1
16:00,131,48,1,95,8
16:00,3,94,1,273,8
16:00,87,5,1,260,8
16:00,76,79,1,286,1
16:00,80,12,1,359,2
16:00,52,77,1,286,8
16:00,58,7,1,125,1
16:00,138,20,1,175,1
16:00,85,45,1,286,8
16:00,116,77,1,145,4
16:00,55,17,1,342,4
16:00,3,41,1,348,24
16:00,29,9,1,325,4
16:00,8,79,1,138,2
16:00,92,8,1,400,8
16:00,80,18,1,201,24
16:00,1,29,1,238,2
16:00,56,8,1,219,1
16:00,28,6,1,123,1
16:00,84,48,1,358,8
16:00,83,9,1,280,8
16:00,122,33,1,196,24
16:00,57,2,1,169,24
16:00,56,68,1,131,8
16:00,44,11,1,341,4
16:00,142,51,1,134,1
16:00,61,71,1,90,1
16:00,97,64,1,51,24
16:00,68,96,1,134,8
16:00,33,62,1,179,2
16:00,137,9,1,128,24
16:00,10,49,1,229,8
16:00,33,8,1,397,24
16:00,136,89,1,91,2
16:00,118,21,1,43,24
16:00,102,11,1,155,2
16:00,11,89,1,313,2
16:00,33,47,1,303,1
16:00,34,92,1,381,2
16:00,107,59,1,21,2
16:00,106,84,1,317,4
16:00,28,98,1,352,1
16:00,61,71,1,294,24
16:00,135,66,1,294,24
16:00,94,21,1,217,4
16:00,86,59,1,144,4
16:00,58,19,1,312,1
16:00,46,54,1,397,8
16:00,39,2,1,158,4
16:00,83,15,1,143,8
16:00,125,46,1,132,24
16:00,10,0,1,221,24
16:00,69,63,1,156,1
16:00,87,63,1,175,4
16:00,85,68,1,250,2
16:00,115,83,1,5,1
16:00,10,70,1,22,2
16:00,19,28,1,16,1
16:00,64,9,1,156,2
16:00,34,70,1,214,1
16:00,7,24,1,92,2
16:00,110,75,1,227,8
16:00,97,88,1,267,4
16:00,120,18,1,323,2
16:00,148,5,1,191,8
16:00,4,52,1,249,1
16:00,84,29,1,247,8
16:00,116,27,1,284,1
16:00,16,23,1,193,2
16:00,21,74,1,196,2
16:00,10,6,1,81,4
16:00,6,18,1,289,2
16:00,141,63,1,321,2
16:00,13,28,1,20,1
16:00,128,54,1,27,1
16:00,18,45,1,132,4
16:00,56,89,1,305,8
16:00,15,60,1,139,8
16:00,9,20,1,54,4
16:00,17,72,1,38,1
16:00,89,71,1,114,2
16:00,106,84,1,265,24
16:00,61,35,1,98,24
16:00,70,88,1,392,24
16:00,124,86,1,54,8
16:00,136,59,1,271,8
16:00,51,34,1,161,1
16:00,137,87,1,299,8
16:00,101,34,1,189,1
16:00,93,39,1,14,4
16:00,31,97,1,340,4
16:00,141,45,1,319,24
16:00,72,21,1,343,2
16:00,113,84,1,104,4
16:00,48,29,1,187,4
16:00,35,32,1,295,2
16:00,86,63,1,199,1
16:00,59,5,1,61,2
16:00,24,75,1,375,8
16:00,17,28,1,338,2
16:00,85,43,1,221,1
16:00,99,10,1,47,8
16:00,92,93,1,395,2
16:00,51,99,1,242,2
16:00,44,43,1,185,2
16:00,6,83,1,94,2
16:00,64,42,1,277,8
16:00,56,8,1,296,8
16:00,71,39,1,46,4
16:00,97,99,1,235,4
16:00,52,53,1,361,4
16:00,43,35,1,388,1
16:00,5,66,1,28,1
16:00,71,65,1,295,1
16:00,109,13,1,390,1
16:00,2,46,1,169,24
16:00,22,6,1,325,24
16:00,65,39,1,196,4
16:00,62,77,1,205,24
16:00,90,12,1,374,4
16:00,22,31,1,24,8
16:00,148,34,1,274,4
16:00,4,45,1,240,1
16:00,116,57,1,29,4
16:00,103,47,1,39,1
16:00,128,7,1,322,2
16:00,44,75,1,224,4
16:00,106,95,1,271,2
16:00,71,11,1,307,8
16:00,99,63,1,38,2
16:00,48,98,1,365,24
16:00,19,18,1,45,4
16:00,144,71,1,382,4
16:00,149,39,1,366,4
16:00,89,96,1,361,24
16:00,126,36,1,40,8
16:00,108,53,1,263,24
16:00,103,15,1,220,1
16:00,127,11,1,180,1
16:00,95,61,1,176,4
16:00,49,97,1,193,2
16:00,48,94,1,143,1
16:00,79,63,1,304,8
16:00,24,14,1,7,1
16:00,13,46,1,219,4
16:00,64,79,1,346,8
16:00,61,93,1,46,1
16:00,100,9,1,47,4
16:00,123,50,1,24,2
16:00,41,88,1,62,1
16:00,8,42,1,318,24
16:00,120,62,1,294,2
16:00,135,85,1,216,1
16:00,118,99,1,43,4
16:00,7,63,1,98,8
16:00,62,74,1,272,24
16:00,107,94,1,268,1
16:00,101,95,1,226,24
16:00,111,69,1,282,4
16:00,13,7,1,381,1
16:00,109,39,1,69,2
16:00,140,78,1,292,8
16:00,113,78,1,88,8
16:00,90,30,1,333,8
16:00,33,4,1,132,2
16:00,22,12,1,67,24
16:00,28,57,1,348,2
16:00,147,98,1,179,2
16:00,107,51,1,42,24
16:00,89,76,1,175,24
16:00,57,5,1,376,2
16:00,35,2,1,238,1
16:00,63,25,1,200,4
16:00,116,30,1,377,8
16:00,114,94,1,253,24
16:00,23,43,1,191,4
16:00,21,38,1,175,8
16:00,100,42,1,131,24
16:00,40,17,1,235,24
16:00,101,45,1,185,1
16:00,65,44,1,337,24
16:00,80,59,1,381,2
16:00,147,3,1,340,24
16:00,113,5,1,252,24
16:00,63,24,1,253,1
16:00,100,84,1,296,24
16:00,0,93,1,248,4
18:00,7,56,112,114,8
18:03,76,67,80,368,8
18:06,125,21,47,265,24
18:09,55,86,41,153,1
18:12,38,18,21,249,24
18:15,137,77,55,91,2
18:18,62,66,2,98,1
18:21,17,54,32,322,24
18:24,41,47,15,80,1
18:27,108,62,5,255,8
18:30,101,63,5,210,4
18:33,32,38,15,46,1
18:36,64,77,2,96,24
18:39,135,21,10,315,24
18:42,85,59,1,216,4
18:45,54,78,5,72,1
18:48,86,94,1,5,8
18:51,114,76,2,307,24
18:54,8,22,1,195,1
18:57,5,20,1,390,2
19:00,1,58,1,84,4
19:03,96,16,1,235,4
19:06,112,55,1,6,8
19:09,27,51,1,274,4
19:12,106,11,1,109,2
19:15,5,80,1,143,24
19:18,41,71,1,382,1
19:21,53,54,1,301,8
19:24,137,89,1,164,8
19:27,22,93,1,342,1
19:30,56,8,1,142,8
19:33,110,70,1,188,8
19:36,112,48,1,47,1
19:39,77,7,1,387,8
19:42,3,79,1,45,4
19:45,87,85,1,228,8
19:48,105,34,1,355,24
19:51,83,32,1,204,24
20:00,48,37,80,323,8
20:01,44,68,16,180,8
20:02,145,61,25,22,1
20:03,86,8,21,287,24
20:04,128,46,4,234,4
20:05,123,7,32,172,1
20:06,56,91,4,320,24
20:07,34,91,6,303,24
20:08,95,25,19,337,2
20:09,146,41,5,149,2
20:10,99,5,7,344,8
20:11,26,91,2,289,1
20:12,16,61,1,150,4
20:13,50,66,2,235,8
20:14,132,18,1,174,4
20:15,124,59,1,306,8
20:16,9,2,1,281,2
20:17,75,59,1,152,2
20:18,146,47,1,15,24
20:19,19,56,1,44,1
20:20,36,35,1,237,24
20:21,118,43,1,54,1
20:22,2,32,1,98,1
20:23,32,62,1,316,2
20:24,135,19,1,80,8
20:25,81,34,1,110,24
20:26,89,1,1,79,1
20:27,75,70,1,235,8
20:28,1,29,1,58,1
20:29,30,41,1,361,24
20:30,146,0,1,400,8
20:31,119,0,1,161,4
20:32,5,0,1,84,24
20:33,77,38,1,49,2
20:34,37,70,1,253,8
20:35,47,18,1,73,8
20:36,101,31,1,198,2
20:37,140,8,1,78,4
20:38,121,55,1,175,24
20:39,28,1,1,57,2
20:40,1,37,1,43,24
20:41,140,31,1,9,1
20:42,98,24,1,112,2
20:43,17,93,1,77,2
20:44,61,89,1,107,4
20:45,15,53,1,27,1
20:46,95,75,1,9,2
20:47,116,85,1,60,1
20:48,76,66,1,302,2
20:49,143,41,1,365,1
20:50,105,20,1,146,4
20:51,98,52,1,368,4
20:52,104,32,1,351,2
20:53,14,54,1,105,4
20:54,136,93,1,132,24
20:55,32,76,1,226,4
20:56,16,11,1,53,24
20:57,100,96,1,199,2
20:58,89,31,1,201,1
20:59,63,17,1,42,8
21:00,110,74,1,282,4
21:01,9,21,1,208,24
21:02,37,86,1,137,1
21:03,138,30,1,82,24
21:04,0,8,1,280,4
21:05,123,52,1,125,1
22:00,91,85,18,263,4
22:20,84,5,25,141,1
22:40,135,93,13,71,24
23:00,148,95,6,252,24
23:20,24,57,25,38,1
23:40,95,16,29,2,24
