00:00,146,53,16,271,2
00:07,117,53,2,338,8
00:14,26,62,2,276,2
00:21,127,1,7,75,4
00:28,107,47,5,289,1
00:35,32,86,3,259,1
00:42,89,33,1,376,1
00:49,27,44,2,43,4
00:56,83,3,3,108,8
01:03,144,34,1,17,2
01:10,142,86,1,60,2
01:17,13,32,1,84,1
01:24,102,15,1,359,1
01:31,12,96,1,190,4
01:38,105,11,1,74,8
01:45,64,99,1,51,1
02:00,134,62,35,353,2
02:06,111,65,5,21,8
02:12,139,79,21,132,2
02:18,61,10,5,362,8
02:24,96,59,11,39,24
02:30,13,53,3,46,2
02:36,94,57,2,56,4
02:42,104,55,2,71,4
02:48,58,97,2,384,1
02:54,28,28,1,63,8
03:00,41,64,1,106,4
03:06,19,6,1,136,2
03:12,47,83,1,166,24
03:18,79,31,1,385,4
03:24,11,43,1,43,24
03:30,101,36,1,145,8
03:36,2,31,1,363,8
03:42,46,42,1,243,4
03:48,124,72,1,122,8
04:00,58,38,5,289,2
04:13,65,90,49,53,8
04:26,59,92,6,174,2
04:39,8,50,11,117,2
04:52,39,30,7,315,1
05:05,73,22,2,22,24
05:18,5,65,2,63,1
05:31,42,14,26,321,1
05:44,39,13,26,23,8
06:00,140,19,62,180,24
06:03,20,2,24,376,8
06:06,75,53,1,291,4
06:09,112,5,11,190,24
06:12,2,54,4,45,1
06:15,74,95,7,376,2
06:18,32,38,13,104,8
06:21,45,97,3,193,1
06:24,72,20,2,195,2
06:27,69,33,2,205,4
06:30,109,93,1,106,2
06:33,112,72,1,222,8
06:36,117,72,2,99,2
06:39,113,73,1,199,4
06:42,95,42,1,217,4
06:45,85,40,1,253,8
06:48,19,80,1,374,4
06:51,85,20,1,345,1
06:54,10,81,1,160,8
06:57,55,87,1,259,8
07:00,100,57,1,356,1
07:03,2,15,1,378,8
07:06,125,81,1,49,8
07:09,5,30,1,224,8
07:12,4,1,1,107,1
07:15,120,95,1,233,8
07:18,68,73,1,89,2
07:21,100,23,1,161,1
07:24,24,4,1,375,24
07:27,127,48,1,51,1
07:30,92,76,1,372,24
07:33,81,70,1,163,4
07:36,77,17,1,69,1
07:39,73,77,1,164,24
07:42,94,37,1,128,2
07:45,69,52,1,322,8
07:48,70,6,1,306,8
07:51,132,93,1,378,24
07:54,130,12,1,266,2
07:57,2,30,1,173,2
08:00,91,29,21,201,4
08:04,0,2,17,379,8
08:08,129,98,6,304,1
08:12,98,66,8,122,1
08:16,106,92,2,127,1
08:20,105,83,2,117,4
08:24,80,30,1,312,2
08:28,108,55,1,191,4
08:32,124,18,1,155,24
08:36,135,16,1,89,1
08:40,21,79,1,103,1
08:44,47,50,1,260,4
08:48,136,19,1,295,1
08:52,52,30,1,258,1
08:56,92,66,1,330,2
09:00,87,65,1,246,1
09:04,4,59,1,263,2
09:08,109,41,1,215,8
09:12,20,5,1,148,2
09:16,108,29,1,15,2
09:20,2,87,1,128,4
09:24,59,64,1,365,1
09:28,98,14,1,219,2
09:32,36,30,1,4,24
09:36,58,14,1,9,1
09:40,1,33,1,154,1
10:00,128,20,20,83,2
10:03,13,32,14,372,2
10:06,10,82,15,337,24
10:09,96,85,11,229,2
10:12,23,79,2,112,1
10:15,72,67,2,347,8
10:18,103,1,1,396,8
10:21,58,13,8,371,8
10:24,116,17,2,372,4
10:27,130,6,1,373,24
10:30,90,25,1,127,4
10:33,25,65,2,262,8
10:36,141,41,1,230,1
10:39,121,45,1,331,8
10:42,146,63,1,175,2
10:45,147,33,1,7,1
10:48,59,98,1,201,1
10:51,141,18,1,27,4
10:54,125,16,1,315,8
10:57,106,15,1,320,2
11:00,120,38,1,65,24
11:03,119,49,1,85,1
11:06,21,53,1,266,1
11:09,3,7,1,314,4
11:12,29,24,1,299,4
11:15,8,99,1,22,1
11:18,39,63,1,27,8
11:21,69,86,1,98,24
11:24,2,99,1,53,2
11:27,110,76,1,92,24
11:30,12,15,1,169,2
11:33,81,6,1,389,4
11:36,135,28,1,363,24
11:39,41,94,1,260,8
12:00,79,32,42,97,1
12:02,112,22,6,286,8
12:04,104,35,4,122,8
12:06,65,49,22,4,24
12:08,108,87,14,381,4
12:10,72,98,3,310,2
12:12,91,90,1,328,24
12:14,93,30,1,78,1
12:16,101,77,2,142,4
12:18,37,46,1,269,1
12:20,117,76,3,68,1
12:22,74,84,2,184,4
12:24,144,80,1,144,2
12:26,129,56,1,244,24
12:28,87,36,1,374,24
12:30,79,10,1,251,24
12:32,13,42,1,307,1
12:34,13,70,1,188,24
12:36,69,6,1,244,1
12:38,97,23,1,398,4
12:40,125,67,1,200,1
12:42,95,84,1,170,24
12:44,67,11,1,305,8
12:46,116,18,1,188,24
12:48,71,18,1,23,4
12:50,20,77,1,22,24
12:52,46,54,1,276,2
12:54,120,18,1,190,24
12:56,10,1,1,393,4
12:58,46,48,1,171,4
13:00,109,1,1,216,1
13:02,104,12,1,235,1
13:04,87,87,1,312,1
13:06,4,38,1,15,8
13:08,127,81,1,276,8
13:10,120,27,1,189,4
13:12,96,21,1,60,2
13:14,133,10,1,174,4
13:16,133,8,1,3,1
13:18,108,26,1,206,4
13:20,76,31,1,223,8
13:22,103,19,1,63,4
13:24,82,13,1,332,1
13:26,7,69,1,230,4
14:00,6,38,54,389,8
14:02,112,35,18,243,8
14:04,61,34,15,318,24
14:06,63,87,5,295,2
14:08,29,9,4,22,8
14:10,47,79,11,261,24
14:12,39,23,5,264,1
14:14,10,40,4,104,2
14:16,123,47,2,320,2
14:18,149,84,3,146,1
14:20,134,66,2,115,2
14:22,2,56,1,339,2
14:24,36,20,1,146,2
14:26,103,65,1,240,24
14:28,33,7,1,41,24
14:30,146,0,1,282,4
14:32,100,60,1,389,24
14:34,56,91,1,215,1
14:36,87,24,1,23,8
14:38,111,24,1,34,4
14:40,137,65,1,37,2
14:42,103,77,1,106,1
14:44,142,10,1,312,8
14:46,91,63,1,68,8
14:48,121,78,1,364,4
14:50,25,59,1,277,24
14:52,8,22,1,162,2
14:54,109,44,1,377,2
14:56,82,75,1,97,4
14:58,29,43,1,63,8
15:00,75,28,1,65,4
15:02,23,33,1,42,8
15:04,123,54,1,383,4
15:06,58,77,1,161,2
15:08,11,86,1,108,24
15:10,73,16,1,287,2
15:12,138,35,1,110,8
15:14,35,99,1,133,2
15:16,53,21,1,109,2
15:18,30,4,1,19,24
15:20,93,19,1,279,2
15:22,109,54,1,131,1
15:24,91,41,1,141,24
15:26,88,24,1,142,8
15:28,82,55,1,260,24
15:30,119,61,1,292,24
15:32,60,48,1,260,24
16:00,118,18,14,96,8
16:01,13,21,101,213,1
16:02,121,15,48,76,2
16:03,132,35,10,120,8
16:04,115,22,21,389,4
16:05,45,39,31,168,4
16:06,98,95,10,146,1
16:07,27,17,5,299,24
16:08,27,5,5,317,4
16:09,60,23,3,257,1
16:10,5,95,2,89,4
16:11,80,16,5,270,1
16:12,94,30,3,12,4
16:13,132,35,1,96,2
16:14,81,99,1,84,8
16:15,92,22,1,210,24
16:16,29,38,1,261,4
16:17,143,46,1,3,1
16:18,19,43,1,213,2
16:19,58,19,1,43,8
16:20,20,4,1,382,2
16:21,65,60,1,197,1
16:22,99,43,1,156,2
16:23,99,97,1,210,1
16:24,126,14,1,289,24
16:25,8,60,1,148,2
16:26,119,4,1,308,2
16:27,85,99,1,243,1
16:28,135,86,1,317,2
16:29,30,75,1,124,24
16:30,96,26,1,331,8
16:31,58,41,1,316,24
16:32,73,28,1,238,8
16:33,130,11,1,105,1
16:34,142,16,1,125,8
16:35,37,11,1,122,8
16:36,63,49,1,400,24
16:37,131,5,1,299,4
16:38,10,33,1,343,8
16:39,139,0,1,250,2
16:40,97,82,1,82,1
16:41,52,97,1,348,2
16:42,88,63,1,39,1
16:43,86,92,1,201,2
16:44,57,13,1,32,1
16:45,32,17,1,347,1
16:46,49,43,1,10,1
16:47,120,32,1,163,4
16:48,18,78,1,183,4
16:49,77,89,1,84,8
16:50,76,90,1,12,2
16:51,97,53,1,230,4
16:52,36,59,1,131,4
16:53,88,55,1,324,4
16:54,29,32,1,266,24
16:55,35,72,1,207,24
16:56,81,12,1,115,1
16:57,78,40,1,185,1
16:58,68,67,1,83,1
16:59,27,87,1,394,8
17:00,51,94,1,163,8
17:01,61,44,1,350,4
17:02,41,69,1,161,8
17:03,63,69,1,165,8
17:04,136,34,1,368,24
17:05,88,77,1,19,2
17:06,52,65,1,243,2
17:07,3,28,1,109,8
17:08,119,22,1,374,2
17:09,20,51,1,146,4
17:10,67,17,1,358,24
17:11,118,46,1,319,2
17:12,6,34,1,116,24
17:13,147,76,1,57,8
17:14,85,41,1,166,4
17:15,66,94,1,392,24
17:16,8,8,1,166,1
17:17,140,57,1,230,24
17:18,144,72,1,273,2
17:19,25,7,1,84,2
17:20,144,55,1,281,2
17:21,98,54,1,69,8
17:22,104,89,1,339,1
17:23,73,9,1,321,4
17:24,130,43,1,282,2
17:25,138,84,1,388,4
17:26,52,18,1,266,4
17:27,14,68,1,108,8
17:28,35,6,1,166,1
17:29,147,9,1,254,1
17:30,115,92,1,34,4
17:31,27,75,1,210,24
17:32,68,51,1,217,4
17:33,123,38,1,2,2
17:34,147,40,1,217,4
18:00,134,68,62,245,8
18:01,103,55,26,385,1
18:02,83,63,14,267,2
18:03,128,5,21,32,24
18:04,66,74,13,143,2
18:05,14,0,5,82,8
18:06,69,40,15,278,8
18:07,91,90,9,94,2
18:08,61,94,1,181,4
18:09,80,69,2,43,8
18:10,69,71,3,141,24
18:11,39,66,1,292,4
18:12,96,84,1,312,4
18:13,121,46,1,184,1
18:14,132,83,1,114,2
18:15,11,79,1,137,2
18:16,102,79,1,170,8
18:17,73,21,1,192,8
18:18,117,64,1,356,4
18:19,50,12,1,137,8
18:20,133,1,1,199,24
18:21,92,50,1,230,8
18:22,110,4,1,238,8
18:23,40,80,1,300,8
18:24,120,74,1,39,1
18:25,103,62,1,228,4
18:26,133,12,1,375,4
18:27,11,70,1,203,2
18:28,72,13,1,388,2
18:29,125,97,1,98,1
18:30,141,33,1,345,1
18:31,67,11,1,287,1
18:32,6,43,1,150,4
18:33,145,46,1,267,1
18:34,114,24,1,221,1
18:35,33,90,1,114,1
18:36,137,42,1,70,2
18:37,22,64,1,262,24
18:38,147,2,1,364,24
18:39,61,66,1,139,8
18:40,29,18,1,366,1
18:41,72,81,1,348,8
18:42,34,88,1,255,8
18:43,37,47,1,229,8
18:44,111,93,1,54,2
18:45,26,53,1,392,2
18:46,19,91,1,383,4
18:47,115,71,1,168,24
18:48,73,12,1,376,2
18:49,17,39,1,113,4
18:50,109,45,1,53,24
18:51,139,17,1,78,1
18:52,88,55,1,301,8
18:53,94,74,1,129,24
18:54,120,97,1,138,1
18:55,149,20,1,254,8
18:56,47,19,1,316,2
18:57,8,24,1,272,2
18:58,88,13,1,247,2
18:59,117,44,1,291,2
19:00,144,30,1,192,4
19:01,146,93,1,88,1
19:02,128,62,1,53,24
19:03,100,3,1,181,8
19:04,72,53,1,178,1
20:00,69,93,36,93,2
20:40,90,76,2,301,4
21:20,111,98,49,73,24
22:00,134,82,2,1,4
22:06,52,98,10,344,8
22:12,19,30,4,106,2
22:18,105,91,11,127,1
22:24,23,9,7,131,1
22:30,9,43,5,46,8
22:36,2,41,2,15,2
22:42,129,33,1,89,8
22:48,84,67,1,277,2
22:54,50,18,1,35,1
23:00,9,77,1,127,24
23:06,116,54,1,339,8
23:12,55,96,1,96,1
23:18,145,73,1,383,4
23:24,113,51,1,392,24
23:30,32,6,1,259,24
23:36,128,93,1,62,8
23:42,119,50,1,78,24
