00:00,133,48,4,364,8
00:06,97,78,2,94,4
00:12,42,86,8,22,1
00:18,142,80,5,277,8
00:24,122,33,7,397,24
00:30,126,82,3,169,8
00:36,52,6,1,4,2
00:42,137,8,3,89,8
00:48,13,16,2,238,8
00:54,15,27,1,169,1
01:00,95,29,1,274,4
01:06,132,79,1,64,4
01:12,55,53,1,383,2
01:18,19,90,1,5,2
01:24,7,52,1,152,24
01:30,52,38,1,111,4
01:36,102,0,1,22,8
01:42,46,54,1,390,24
02:00,41,44,14,354,24
02:03,143,90,23,313,24
02:06,68,93,3,184,24
02:09,66,33,1,16,2
02:12,143,28,13,366,8
02:15,103,8,6,320,2
02:18,89,42,4,64,24
02:21,88,31,3,109,8
02:24,45,77,2,223,24
02:27,32,94,1,115,4
02:30,39,33,1,199,2
02:33,81,27,1,133,1
02:36,91,97,1,207,8
02:39,62,39,1,66,1
02:42,6,40,1,201,24
02:45,17,0,1,253,1
02:48,110,33,1,201,1
02:51,4,9,1,44,8
02:54,142,77,1,398,1
02:57,48,41,1,215,2
03:00,87,22,1,396,4
03:03,128,69,1,315,1
03:06,53,51,1,26,2
03:09,127,44,1,331,8
03:12,55,27,1,147,24
03:15,88,2,1,203,4
03:18,38,34,1,213,8
03:21,107,78,1,355,4
03:24,82,48,1,229,1
03:27,132,68,1,210,8
03:30,84,76,1,217,1
04:00,35,41,4,4,2
04:15,42,49,34,29,2
04:30,57,17,14,126,8
04:45,145,49,30,291,2
05:00,55,34,1,212,1
05:15,108,16,3,72,2
05:30,24,18,13,332,24
05:45,75,73,13,366,8
06:00,102,58,4,296,24
06:04,63,71,23,189,2
06:08,90,20,4,10,8
06:12,92,32,12,5,1
06:16,58,58,30,62,24
06:20,34,68,6,41,2
06:24,148,36,14,316,8
06:28,32,9,6,256,4
06:32,118,58,7,249,1
06:36,29,36,3,243,4
06:40,41,88,1,169,2
06:44,87,98,2,13,2
06:48,125,84,1,356,8
06:52,141,38,1,74,24
06:56,125,23,1,286,24
07:00,127,64,1,137,8
07:04,118,46,1,366,8
07:08,127,39,1,195,4
07:12,87,42,1,96,24
07:16,73,46,1,358,4
07:20,23,13,1,353,4
07:24,60,77,1,257,1
07:28,73,91,1,38,8
07:32,53,58,1,26,1
07:36,93,78,1,115,2
07:40,105,65,1,40,24
08:00,111,62,6,310,24
08:06,18,46,23,34,1
08:12,69,16,9,382,1
08:18,103,55,4,375,8
08:24,21,15,3,38,24
08:30,73,70,4,149,24
08:36,108,32,1,31,8
08:42,47,80,1,183,24
08:48,84,1,1,295,24
08:54,105,87,1,394,1
09:00,33,24,1,286,24
09:06,128,5,1,106,4
09:12,43,17,1,158,4
09:18,24,38,1,221,2
09:24,32,39,1,184,1
09:30,127,91,1,93,4
09:36,126,64,1,112,4
09:42,81,39,1,136,24
10:00,135,9,31,300,2
10:03,64,96,9,61,4
10:06,115,52,13,254,2
10:09,117,42,3,84,8
10:12,17,60,6,276,24
10:15,48,49,3,294,8
10:18,64,82,1,302,4
10:21,114,57,2,217,2
10:24,72,20,1,180,2
10:27,149,79,1,182,2
10:30,22,42,1,110,4
10:33,115,55,1,196,24
10:36,130,8,1,389,4
10:39,92,47,1,264,24
10:42,127,37,1,50,24
10:45,93,43,1,215,1
10:48,70,29,1,178,24
10:51,60,61,1,231,8
10:54,67,96,1,23,1
10:57,145,7,1,292,1
11:00,12,21,1,277,2
11:03,96,66,1,396,24
11:06,148,79,1,277,4
11:09,18,93,1,370,4
11:12,128,4,1,342,1
11:15,85,93,1,110,1
11:18,123,13,1,199,8
11:21,38,71,1,251,8
11:24,138,7,1,382,8
11:27,40,36,1,200,2
11:30,95,29,1,212,1
11:33,131,80,1,25,24
11:36,42,43,1,390,4
11:39,18,71,1,19,2
11:42,141,89,1,101,1
11:45,8,50,1,387,8
11:48,27,86,1,71,24
12:00,36,24,37,145,24
12:03,61,25,10,204,24
12:06,35,84,1,75,4
12:09,125,45,4,306,4
12:12,48,15,7,231,4
12:15,37,57,8,75,4
12:18,1,62,10,288,24
12:21,87,99,5,159,24
12:24,32,94,3,113,8
12:27,64,12,1,102,8
12:30,40,54,1,107,2
12:33,23,69,1,195,2
12:36,110,91,1,56,24
12:39,126,0,1,375,4
12:42,106,28,1,389,4
12:45,111,68,1,77,1
12:48,103,19,1,237,24
12:51,43,84,1,258,2
12:54,126,64,1,240,2
12:57,88,41,1,247,8
13:00,84,26,1,146,8
13:03,12,85,1,17,2
13:06,113,70,1,362,24
13:09,83,10,1,300,1
13:12,116,33,1,212,2
13:15,115,47,1,372,2
13:18,0,13,1,80,8
13:21,57,18,1,58,24
13:24,32,48,1,225,4
13:27,14,25,1,358,24
13:30,73,49,1,319,4
13:33,81,86,1,399,24
13:36,27,4,1,85,24
13:39,127,18,1,52,2
14:00,37,87,36,301,1
14:02,147,23,34,149,2
14:04,122,32,6,12,8
14:06,132,18,5,268,1
14:08,63,3,3,376,1
14:10,25,40,7,77,24
14:12,130,25,2,354,8
14:14,83,45,7,188,8
14:16,38,64,3,296,24
14:18,92,40,2,96,1
14:20,137,0,1,369,2
14:22,20,67,1,2,4
14:24,46,26,1,159,24
14:26,144,75,1,3,4
14:28,26,27,1,103,1
14:30,64,11,1,29,24
14:32,36,85,1,207,4
14:34,12,62,1,344,4
14:36,27,23,1,336,24
14:38,79,22,1,302,8
14:40,74,2,1,313,1
14:42,49,46,1,160,8
14:44,119,42,1,379,4
14:46,19,18,1,257,2
14:48,102,98,1,91,4
14:50,39,34,1,281,1
14:52,43,15,1,3,24
14:54,61,99,1,211,4
14:56,14,2,1,257,1
14:58,132,25,1,111,2
15:00,30,90,1,23,1
15:02,2,87,1,97,4
15:04,126,83,1,377,1
15:06,131,90,1,385,24
15:08,29,41,1,307,1
15:10,49,11,1,153,1
15:12,74,14,1,144,1
15:14,76,48,1,378,24
15:16,66,51,1,227,8
15:18,136,71,1,359,2
15:20,118,95,1,194,1
15:22,55,87,1,312,24
15:24,116,24,1,134,4
15:26,82,76,1,120,8
15:28,25,24,1,45,1
15:30,116,96,1,280,8
15:32,88,62,1,104,24
15:34,128,97,1,314,4
15:36,21,18,1,317,24
15:38,133,60,1,246,4
15:40,97,49,1,85,1
15:42,42,33,1,168,24
15:44,10,46,1,175,4
16:00,85,71,48,167,4
16:02,75,49,36,6,2
16:04,26,61,57,273,24
16:06,39,6,14,348,2
16:08,12,48,8,65,2
16:10,114,27,23,257,1
16:12,107,36,2,332,1
16:14,77,92,9,299,2
16:16,97,40,1,161,2
16:18,118,26,8,199,8
16:20,87,41,1,312,24
16:22,140,27,4,121,24
16:24,10,80,4,120,4
16:26,44,87,1,267,8
16:28,108,48,2,304,24
16:30,10,64,1,67,4
16:32,106,73,1,265,24
16:34,85,12,1,302,2
16:36,14,0,1,133,8
16:38,63,72,1,84,1
16:40,54,93,1,74,4
16:42,81,76,1,19,8
16:44,54,11,1,186,1
16:46,113,92,1,318,4
16:48,126,0,1,40,24
16:50,78,40,1,380,1
16:52,81,5,1,206,4
16:54,5,57,1,391,1
16:56,63,88,1,200,4
16:58,35,44,1,398,24
17:00,36,97,1,71,24
17:02,120,24,1,164,24
17:04,20,78,1,239,8
17:06,22,39,1,94,8
17:08,46,39,1,169,4
17:10,20,41,1,57,24
17:12,121,15,1,273,1
17:14,86,45,1,2,2
17:16,149,25,1,73,24
17:18,107,41,1,332,4
17:20,98,95,1,229,4
17:22,44,50,1,253,1
17:24,45,10,1,125,1
17:26,1,78,1,369,8
17:28,58,28,1,222,24
17:30,67,41,1,22,4
17:32,79,85,1,41,24
17:34,8,13,1,14,24
17:36,24,70,1,3,8
17:38,106,97,1,337,8
17:40,25,94,1,67,1
18:00,55,44,63,387,2
18:02,119,0,15,254,24
18:04,22,6,1,15,2
18:06,72,74,10,118,24
18:08,93,55,1,83,1
18:10,129,83,23,139,8
18:12,54,43,3,21,1
18:14,25,22,4,74,2
18:16,127,50,9,262,8
18:18,37,12,9,10,1
18:20,11,70,5,357,24
18:22,121,44,1,343,24
18:24,138,89,2,144,8
18:26,58,13,1,121,24
18:28,3,41,1,271,24
18:30,23,35,1,259,1
18:32,68,98,1,200,4
18:34,140,73,1,392,4
18:36,22,28,1,119,8
18:38,83,81,1,213,4
18:40,9,24,1,135,8
18:42,85,76,1,296,2
18:44,120,2,1,156,24
18:46,69,63,1,293,24
18:48,12,33,1,138,2
18:50,127,49,1,324,1
18:52,30,11,1,75,8
18:54,147,38,1,257,8
18:56,31,42,1,253,24
18:58,110,11,1,330,4
19:00,57,33,1,257,2
19:02,98,96,1,261,1
19:04,108,64,1,221,8
19:06,82,17,1,247,4
19:08,73,91,1,59,1
19:10,119,54,1,46,4
19:12,34,28,1,200,4
19:14,147,11,1,264,8
19:16,85,68,1,86,1
19:18,113,16,1,153,2
19:20,97,75,1,298,2
19:22,24,62,1,169,24
19:24,138,53,1,143,4
19:26,42,76,1,292,2
19:28,123,93,1,33,8
19:30,55,19,1,168,1
19:32,55,10,1,307,24
19:34,45,75,1,363,4
19:36,78,40,1,266,4
19:38,61,79,1,226,4
19:40,35,8,1,79,4
19:42,47,65,1,267,2
19:44,76,45,1,321,1
19:46,96,83,1,148,4
20:00,95,75,10,347,24
20:05,7,9,1,366,8
20:10,62,9,5,90,24
20:15,14,71,18,12,1
20:20,14,96,9,345,1
20:25,119,89,1,369,24
20:30,141,8,8,182,4
20:35,40,36,9,60,8
20:40,76,84,3,184,4
20:45,8,33,3,290,2
20:50,124,81,3,108,8
20:55,12,21,1,353,2
21:00,29,51,1,275,24
21:05,88,64,1,334,8
21:10,13,71,1,99,4
21:15,6,26,1,108,1
21:20,147,33,1,107,24
21:25,11,89,1,14,1
21:30,99,62,1,275,4
21:35,69,18,1,109,24
21:40,68,55,1,295,2
21:45,10,22,1,296,4
22:00,7,28,9,349,1
22:10,33,8,1,385,1
22:20,26,94,11,339,2
22:30,25,9,2,17,1
22:40,27,12,2,273,4
22:50,7,85,3,77,1
23:00,3,18,2,299,8
23:10,86,59,1,331,2
23:20,59,1,1,30,1
23:30,12,5,1,237,4
23:40,61,4,4,299,24
