00:00,25,33,41,288,2
00:03,61,37,34,36,24
00:06,102,80,8,108,8
00:09,146,5,7,359,1
00:12,88,71,12,344,24
00:15,141,18,5,351,8
00:18,41,71,3,163,24
00:21,50,29,2,286,24
00:24,62,92,1,368,24
00:27,7,47,1,121,4
00:30,39,31,1,261,2
00:33,11,65,1,278,2
00:36,93,33,1,334,8
00:39,72,20,1,125,8
00:42,76,27,1,364,1
00:45,140,93,1,360,8
00:48,20,94,1,131,4
00:51,7,86,1,120,1
00:54,87,9,1,334,24
00:57,2,92,1,399,24
01:00,143,77,1,345,1
01:03,28,94,1,276,1
01:06,68,28,1,53,4
01:09,92,97,1,370,2
01:12,89,46,1,343,2
01:15,130,18,1,153,1
01:18,75,30,1,265,1
01:21,122,40,1,396,4
01:24,101,74,1,136,24
01:27,134,63,1,241,8
01:30,23,83,1,69,4
01:33,75,89,1,36,8
01:36,141,22,1,36,4
02:00,125,9,12,348,2
02:04,120,86,44,344,8
02:08,144,16,48,357,24
02:12,45,15,43,339,8
02:16,57,81,19,395,1
02:20,137,90,29,365,2
02:24,129,93,9,161,1
02:28,64,52,12,346,24
02:32,114,20,5,395,1
02:36,13,18,3,379,1
02:40,64,83,2,201,1
02:44,91,62,1,287,24
02:48,34,78,1,232,24
02:52,40,76,1,72,24
02:56,138,84,1,173,8
03:00,113,50,1,57,2
03:04,68,67,1,131,2
03:08,60,45,1,59,24
03:12,122,64,1,317,4
03:16,97,46,1,312,8
03:20,44,74,1,80,8
03:24,51,29,1,288,8
03:28,5,9,1,180,24
03:32,145,37,1,101,24
03:36,78,20,1,166,4
03:40,15,77,1,256,24
04:00,28,92,55,191,8
04:03,97,55,49,120,24
04:06,47,91,119,178,24
04:09,105,80,23,279,24
04:12,106,8,14,18,2
04:15,105,38,14,129,2
04:18,7,47,8,274,8
04:21,15,97,28,178,8
04:24,38,70,6,297,8
04:27,149,56,3,358,8
04:30,34,12,9,73,24
04:33,8,69,4,51,24
04:36,135,16,4,357,2
04:39,10,9,3,301,1
04:42,77,12,1,346,4
04:45,145,27,1,148,8
04:48,56,11,1,9,24
04:51,110,44,1,81,2
04:54,42,15,1,139,8
04:57,33,88,1,367,24
05:00,83,62,1,259,4
05:03,12,61,1,28,24
05:06,13,64,1,53,1
05:09,148,28,1,228,1
05:12,17,17,1,331,2
05:15,21,63,1,332,1
05:18,31,64,1,33,24
05:21,104,73,1,203,4
05:24,36,6,1,393,4
05:27,62,5,1,140,1
05:30,118,9,1,264,2
05:33,92,95,1,318,24
06:00,102,61,13,56,2
06:00,10,7,79,92,1
06:00,101,28,87,180,8
06:00,57,93,76,261,8
06:00,55,50,33,271,1
06:00,108,22,25,181,1
06:00,56,65,1,215,4
06:00,91,9,10,116,24
06:00,16,92,5,204,8
06:00,87,38,6,360,4
06:00,106,35,1,292,2
06:00,114,72,1,375,1
06:00,5,65,2,262,24
06:00,118,68,1,240,8
06:00,3,50,1,308,2
06:00,25,11,1,273,4
06:00,43,57,1,93,4
06:00,79,68,1,9,1
06:00,116,66,1,371,1
06:00,81,1,1,365,24
06:00,128,61,1,94,8
06:00,149,12,1,248,4
06:00,66,63,1,26,8
06:00,130,63,1,230,2
06:00,71,59,1,165,24
06:00,146,4,1,170,4
06:00,32,67,1,149,8
06:00,18,49,1,281,4
06:00,9,53,1,63,4
06:00,89,93,1,76,4
06:00,143,18,1,113,24
06:00,121,50,1,193,2
06:00,19,19,1,185,24
06:00,109,93,1,235,24
06:00,32,62,1,75,1
06:00,78,17,1,350,4
06:00,143,33,1,79,8
06:00,45,76,1,196,4
06:00,42,80,1,113,24
06:00,71,64,1,219,4
06:00,16,82,1,159,2
06:00,48,44,1,68,1
06:00,31,16,1,78,1
06:00,98,92,1,69,2
06:00,79,42,1,182,24
06:00,28,48,1,232,2
06:00,85,48,1,337,8
06:00,42,22,1,346,8
06:00,76,14,1,161,24
06:00,70,27,1,317,24
06:00,33,40,1,119,2
06:00,51,55,1,87,4
06:00,51,27,1,12,1
06:00,25,62,1,320,4
06:00,93,42,1,396,8
06:00,125,35,1,296,1
06:00,138,54,1,197,2
06:00,108,76,1,78,2
06:00,117,54,1,156,1
06:00,104,48,1,330,4
06:00,17,20,1,73,8
06:00,78,96,1,149,2
06:00,51,54,1,263,4
06:00,112,79,1,171,4
06:00,15,86,1,37,1
06:00,149,83,1,128,8
06:00,86,27,1,183,2
06:00,83,77,1,344,8
06:00,12,25,1,69,24
06:00,120,25,1,221,2
06:00,15,93,1,315,24
06:00,40,55,1,157,4
06:00,112,74,1,183,24
06:00,88,3,1,361,1
06:00,49,70,1,255,1
06:00,115,10,1,87,2
06:00,146,31,1,136,4
06:00,60,50,1,385,24
06:00,147,6,1,256,2
06:00,100,26,1,356,24
06:00,108,91,1,373,8
06:00,79,84,1,18,24
06:00,125,71,1,395,8
06:00,138,37,1,273,1
06:00,114,33,1,43,4
06:00,11,69,1,346,1
06:00,86,89,1,94,24
06:00,128,84,1,218,1
06:00,2,57,1,374,2
06:00,99,74,1,228,8
06:00,3,67,1,325,8
06:00,51,16,1,189,24
06:00,138,39,1,356,1
06:00,130,41,1,350,1
06:00,78,19,1,366,8
06:00,29,50,1,342,4
06:00,89,34,1,18,4
06:00,115,10,1,262,4
06:00,118,68,1,132,24
06:00,54,98,1,243,8
06:00,136,2,1,108,1
06:00,96,18,1,263,1
06:00,90,43,1,374,24
06:00,51,3,1,208,1
06:00,3,0,1,273,24
06:00,52,59,1,143,2
06:00,107,1,1,304,1
06:00,75,28,1,90,2
06:00,140,53,1,332,24
06:00,96,49,1,299,4
06:00,99,94,1,255,2
06:00,49,87,1,16,1
06:00,81,74,1,235,4
06:00,56,85,1,377,24
06:00,67,31,1,257,4
06:00,28,45,1,204,1
06:00,28,68,1,58,4
06:00,58,76,1,388,1
06:00,88,10,1,178,8
06:00,55,6,1,110,2
06:00,124,21,1,168,24
06:00,139,76,1,219,2
06:00,102,76,1,143,1
06:00,92,17,1,304,4
06:00,137,0,1,384,4
06:00,115,38,1,9,4
06:00,132,81,1,341,8
06:00,20,25,1,386,4
06:00,103,84,1,336,8
08:00,17,35,26,174,8
08:01,13,97,18,209,1
08:02,6,16,17,36,1
08:03,100,21,17,309,24
08:04,45,38,19,322,2
08:05,91,13,20,384,1
08:06,54,60,3,214,1
08:07,63,77,2,168,8
08:08,140,82,8,139,4
08:09,84,8,8,125,4
08:10,133,82,1,256,1
08:11,1,39,2,280,8
08:12,16,92,3,6,24
08:13,121,37,1,125,2
08:14,27,40,1,6,8
08:15,66,71,1,118,2
08:16,66,49,1,230,2
08:17,68,25,1,109,4
08:18,26,43,1,63,8
08:19,31,12,1,35,4
08:20,133,94,1,329,4
08:21,112,40,1,251,4
08:22,47,29,1,212,24
08:23,16,18,1,159,2
08:24,103,99,1,337,2
08:25,115,7,1,313,8
08:26,87,23,1,135,4
08:27,131,79,1,187,2
08:28,90,82,1,223,2
08:29,24,95,1,264,1
08:30,63,61,1,136,8
08:31,95,52,1,24,4
08:32,147,60,1,21,1
08:33,75,57,1,40,2
08:34,124,36,1,122,1
08:35,18,1,1,7,8
08:36,135,33,1,51,4
08:37,92,51,1,10,2
08:38,119,49,1,316,1
08:39,116,84,1,105,24
08:40,0,28,1,122,2
08:41,54,77,1,241,8
08:42,79,14,1,129,8
08:43,53,26,1,144,8
08:44,122,41,1,395,4
08:45,66,95,1,219,4
08:46,105,40,1,216,8
08:47,102,67,1,203,24
08:48,103,88,1,376,24
08:49,31,40,1,252,2
08:50,149,79,1,147,1
08:51,112,77,1,317,4
08:52,44,51,1,209,2
08:53,84,92,1,163,1
08:54,104,32,1,162,8
08:55,39,61,1,197,8
08:56,136,52,1,312,8
08:57,17,97,1,17,24
08:58,13,72,1,104,24
08:59,145,83,1,230,2
09:00,28,2,1,301,8
09:01,86,42,1,56,24
09:02,33,13,1,276,24
09:03,100,33,1,176,4
09:04,61,83,1,353,24
09:05,18,70,1,57,2
09:06,60,32,1,249,4
09:07,54,15,1,228,4
09:08,94,56,1,342,1
10:00,27,97,49,213,1
10:02,41,48,3,56,4
10:04,61,42,68,187,1
10:06,123,6,1,356,1
10:08,14,70,34,26,8
10:10,54,40,10,334,8
10:12,104,51,7,287,24
10:14,97,1,6,148,8
10:16,77,78,7,40,2
10:18,106,38,4,262,24
10:20,4,43,2,156,24
10:22,112,55,2,147,24
10:24,30,31,1,120,2
10:26,46,10,1,320,24
10:28,129,72,1,136,4
10:30,104,96,1,356,1
10:32,93,6,1,345,8
10:34,129,74,1,323,2
10:36,61,70,1,4,1
10:38,83,91,1,350,1
10:40,45,62,1,179,8
10:42,123,45,1,187,24
10:44,24,71,1,262,1
10:46,10,74,1,66,4
10:48,95,63,1,79,8
10:50,76,68,1,145,1
10:52,97,61,1,38,8
10:54,46,23,1,265,2
10:56,95,64,1,390,1
10:58,38,18,1,351,4
11:00,33,52,1,302,2
11:02,92,90,1,283,8
11:04,79,93,1,209,24
11:06,118,30,1,172,2
11:08,137,6,1,118,2
11:10,116,22,1,51,1
11:12,6,27,1,313,2
11:14,80,96,1,195,4
11:16,111,3,1,248,24
11:18,10,94,1,391,4
11:20,72,75,1,86,8
11:22,59,82,1,76,4
11:24,85,65,1,12,8
11:26,103,68,1,323,8
11:28,36,54,1,291,1
11:30,76,11,1,145,4
11:32,60,92,1,315,1
11:34,1,64,1,110,8
11:36,126,37,1,119,2
11:38,105,6,1,297,4
12:00,78,85,1,188,24
12:04,25,54,80,65,4
12:08,102,99,40,191,24
12:12,125,35,56,254,1
12:16,109,4,7,377,1
12:20,35,86,4,285,8
12:24,80,57,11,328,1
12:28,21,79,23,56,8
12:32,102,18,10,279,4
12:36,5,2,2,153,2
12:40,25,19,5,332,2
12:44,46,0,2,48,4
12:48,82,31,2,211,24
12:52,104,5,1,104,2
12:56,98,61,1,19,1
13:00,60,29,1,20,8
13:04,107,90,1,122,4
13:08,53,86,1,74,1
13:12,123,2,1,348,4
13:16,61,58,1,198,4
13:20,111,34,1,397,8
13:24,125,63,1,249,4
13:28,22,11,1,9,24
13:32,89,73,1,119,24
13:36,77,5,1,301,1
13:40,50,90,1,376,1
13:44,15,33,1,91,1
13:48,47,85,1,199,8
13:52,135,75,1,234,4
13:56,144,72,1,342,24
14:00,123,60,85,4,8
14:01,77,95,104,230,4
14:02,15,13,45,342,8
14:03,138,91,28,23,24
14:04,120,93,13,225,24
14:05,118,30,2,160,4
14:06,19,69,5,140,1
14:07,26,83,3,301,24
14:08,77,53,4,30,4
14:09,24,73,2,365,24
14:10,102,45,1,121,1
14:11,24,48,1,46,2
14:12,29,88,1,21,8
14:13,120,33,1,362,1
14:14,43,4,1,294,1
14:15,2,62,1,80,24
14:16,27,66,1,3,8
14:17,20,77,1,146,24
14:18,24,85,1,265,2
14:19,12,66,1,85,2
14:20,49,32,1,343,1
14:21,90,89,1,389,4
14:22,58,86,1,146,24
14:23,2,47,1,160,8
14:24,17,76,1,178,24
14:25,5,74,1,198,1
14:26,57,99,1,195,4
14:27,121,56,1,336,4
14:28,75,7,1,85,2
14:29,80,56,1,246,1
14:30,100,25,1,109,24
14:31,64,90,1,375,2
14:32,23,30,1,178,24
14:33,13,2,1,68,24
14:34,23,21,1,352,1
14:35,119,37,1,165,2
14:36,56,96,1,8,8
14:37,87,15,1,355,8
14:38,83,12,1,126,4
14:39,128,22,1,221,8
14:40,121,49,1,122,8
14:41,42,1,1,324,24
14:42,88,67,1,87,24
14:43,46,18,1,238,24
14:44,114,64,1,55,2
14:45,12,2,1,134,4
14:46,33,84,1,221,24
14:47,130,63,1,363,1
14:48,10,35,1,370,2
14:49,62,41,1,29,1
14:50,113,26,1,129,4
14:51,10,34,1,147,24
14:52,141,79,1,10,1
14:53,44,76,1,359,1
14:54,135,80,1,195,24
14:55,117,95,1,119,1
14:56,108,24,1,66,2
14:57,96,40,1,342,8
14:58,88,58,1,148,8
14:59,105,7,1,42,1
15:00,12,16,1,138,4
15:01,57,21,1,268,2
15:02,61,17,1,327,2
15:03,67,15,1,76,1
15:04,85,31,1,163,2
15:05,6,78,1,186,2
15:06,63,66,1,234,8
15:07,28,53,1,173,4
15:08,111,91,1,14,4
15:09,47,46,1,399,1
15:10,131,50,1,241,24
15:11,80,22,1,111,4
15:12,98,41,1,124,4
15:13,86,92,1,270,1
15:14,0,27,1,347,1
15:15,132,9,1,83,24
15:16,52,29,1,190,24
15:17,9,51,1,344,8
15:18,56,76,1,105,1
15:19,91,98,1,298,8
15:20,8,17,1,293,8
15:21,101,77,1,108,1
15:22,138,88,1,61,2
15:23,87,7,1,309,24
15:24,41,94,1,66,4
15:25,131,23,1,61,24
15:26,47,99,1,168,8
15:27,24,15,1,372,8
15:28,95,92,1,391,8
15:29,5,50,1,204,1
15:30,16,10,1,330,1
15:31,135,30,1,282,1
15:32,31,25,1,19,4
15:33,79,43,1,136,4
15:34,6,62,1,21,4
15:35,85,74,1,262,1
16:00,30,33,215,320,4
16:00,54,42,20,189,1
16:00,149,91,147,330,24
16:00,35,35,121,65,1
16:00,147,81,81,52,4
16:00,120,23,25,32,2
16:00,1,50,51,275,2
16:00,69,89,6,324,4
16:00,16,2,16,382,8
16:00,69,18,14,208,2
16:00,128,66,1,238,4
16:00,26,17,3,384,1
16:00,50,35,2,214,8
16:00,71,85,2,272,2
16:00,124,47,3,399,1
16:00,35,99,2,298,24
16:00,34,87,1,18,2
16:00,9,53,1,120,4
16:00,15,85,1,345,8
16:00,79,53,1,375,2
16:00,109,96,1,291,8
16:00,49,63,1,128,8
16:00,141,94,1,28,24
16:00,49,23,1,397,2
16:00,110,80,1,207,1
16:00,31,31,1,237,1
16:00,65,68,1,335,8
16:00,53,67,1,259,24
16:00,32,38,1,46,8
16:00,102,69,1,196,24
16:00,78,84,1,55,1
16:00,34,41,1,189,1
16:00,83,6,1,5,2
16:00,130,17,1,27,1
16:00,75,71,1,250,24
16:00,37,38,1,305,2
16:00,64,31,1,169,2
16:00,19,98,1,390,8
16:00,32,42,1,396,8
16:00,38,84,1,195,1
16:00,14,15,1,366,8
16:00,132,47,1,377,2
16:00,123,23,1,66,24
16:00,82,99,1,298,2
16:00,25,98,1,43,8
16:00,70,11,1,315,1
16:00,95,14,1,274,8
16:00,84,97,1,41,2
16:00,139,35,1,307,8
16:00,68,41,1,16,1
16:00,1,88,1,352,8
16:00,44,74,1,197,8
16:00,107,36,1,44,2
16:00,128,23,1,190,2
16:00,77,82,1,33,24
16:00,57,12,1,388,4
16:00,116,26,1,364,24
16:00,34,7,1,216,24
16:00,69,97,1,395,2
16:00,39,3,1,171,4
16:00,44,41,1,342,4
16:00,7,68,1,101,8
16:00,66,63,1,275,4
16:00,28,81,1,111,4
16:00,95,56,1,399,4
16:00,57,4,1,216,24
16:00,48,92,1,44,24
16:00,42,82,1,228,24
16:00,106,13,1,190,24
16:00,12,32,1,248,2
16:00,72,49,1,94,8
16:00,12,75,1,16,4
16:00,30,24,1,135,1
16:00,77,81,1,137,1
16:00,45,43,1,171,4
16:00,94,58,1,247,2
16:00,145,56,1,175,2
16:00,78,56,1,400,4
16:00,98,96,1,170,1
16:00,79,52,1,191,4
16:00,122,3,1,346,8
16:00,21,70,1,2,24
16:00,66,27,1,303,2
16:00,73,32,1,253,1
16:00,46,42,1,30,24
16:00,135,68,1,37,24
16:00,66,31,1,48,8
16:00,144,22,1,261,2
16:00,87,1,1,33,1
16:00,114,59,1,76,4
16:00,64,92,1,161,24
16:00,16,24,1,141,8
16:00,23,82,1,22,1
16:00,33,12,1,78,2
16:00,97,88,1,23,8
16:00,53,50,1,394,1
16:00,109,62,1,387,1
16:00,127,20,1,399,1
16:00,93,18,1,152,24
16:00,81,42,1,48,24
16:00,93,53,1,237,4
16:00,134,24,1,148,8
16:00,126,33,1,185,2
16:00,139,51,1,197,4
16:00,50,1,1,25,24
16:00,47,13,1,18,24
16:00,21,61,1,13,8
16:00,56,14,1,317,4
16:00,19,7,1,251,2
16:00,120,19,1,46,8
16:00,21,71,1,11,24
16:00,96,31,1,382,2
16:00,8,68,1,218,2
16:00,66,49,1,285,4
16:00,48,40,1,168,4
16:00,27,52,1,269,4
16:00,15,96,1,233,4
16:00,36,74,1,149,8
16:00,0,9,1,7,4
16:00,21,45,1,175,1
16:00,31,85,1,31,8
16:00,17,29,1,329,4
16:00,24,16,1,32,1
16:00,132,55,1,360,1
16:00,127,8,1,175,1
16:00,76,45,1,336,4
16:00,77,57,1,165,4
16:00,24,36,1,333,2
16:00,77,41,1,15,2
16:00,4,5,1,318,2
16:00,117,49,1,141,1
16:00,71,44,1,325,4
16:00,48,66,1,292,4
16:00,132,12,1,264,24
16:00,2,61,1,205,2
16:00,132,1,1,131,4
16:00,26,96,1,19,4
16:00,75,49,1,227,1
16:00,37,7,1,296,4
16:00,128,59,1,268,4
16:00,103,3,1,193,1
16:00,80,7,1,229,1
16:00,72,74,1,166,8
16:00,135,24,1,343,8
16:00,37,81,1,275,1
16:00,84,84,1,241,2
16:00,3,89,1,281,24
16:00,121,24,1,39,8
16:00,38,47,1,205,4
16:00,12,81,1,334,8
16:00,99,81,1,280,24
16:00,124,4,1,321,1
16:00,134,62,1,310,2
16:00,143,92,1,15,4
16:00,5,69,1,375,24
16:00,99,86,1,123,4
16:00,10,34,1,17,4
16:00,100,40,1,187,8
16:00,145,35,1,172,1
16:00,23,99,1,122,24
16:00,90,9,1,372,1
16:00,102,35,1,182,2
16:00,109,85,1,379,4
16:00,24,11,1,51,4
16:00,141,36,1,277,2
16:00,118,74,1,278,24
16:00,72,67,1,122,8
16:00,55,51,1,346,4
16:00,132,27,1,71,4
16:00,123,98,1,78,2
16:00,137,50,1,253,1
16:00,77,49,1,324,2
16:00,121,24,1,16,2
16:00,2,60,1,260,4
16:00,88,71,1,233,4
16:00,56,21,1,232,8
16:00,12,92,1,69,24
16:00,120,85,1,382,8
16:00,137,44,1,211,2
16:00,55,73,1,121,8
16:00,54,12,1,330,8
16:00,108,97,1,368,24
16:00,119,45,1,34,1
16:00,14,25,1,61,2
16:00,36,16,1,22,8
16:00,19,87,1,15,1
16:00,145,51,1,328,8
16:00,132,75,1,56,1
16:00,62,46,1,268,2
16:00,137,3,1,176,4
16:00,123,59,1,44,2
16:00,129,63,1,352,8
16:00,89,82,1,275,24
16:00,85,50,1,136,2
16:00,123,90,1,34,8
16:00,6,66,1,154,8
16:00,14,43,1,206,4
16:00,57,80,1,28,8
16:00,22,50,1,272,8
16:00,139,58,1,202,24
16:00,74,8,1,131,24
16:00,88,0,1,177,24
16:00,8,86,1,186,8
16:00,134,76,1,182,4
16:00,26,23,1,39,24
16:00,69,53,1,381,4
16:00,124,93,1,117,1
16:00,9,16,1,210,8
16:00,25,16,1,351,8
16:00,140,58,1,84,8
16:00,55,67,1,359,4
16:00,139,91,1,276,2
16:00,85,41,1,160,4
16:00,58,98,1,363,2
16:00,116,70,1,4,8
16:00,139,99,1,321,4
16:00,59,63,1,319,2
16:00,47,92,1,135,4
16:00,118,93,1,258,4
16:00,13,80,1,318,8
16:00,5,58,1,113,8
16:00,0,11,1,141,2
16:00,0,23,1,149,8
16:00,108,20,1,351,4
16:00,26,77,1,74,1
16:00,67,58,1,354,1
16:00,134,32,1,242,8
16:00,97,35,1,393,2
16:00,137,71,1,33,2
16:00,49,76,1,60,4
16:00,46,41,1,287,24
16:00,82,47,1,323,8
16:00,40,57,1,185,2
16:00,2,31,1,270,1
16:00,5,20,1,96,24
16:00,9,32,1,64,4
16:00,125,78,1,216,2
16:00,96,28,1,303,24
16:00,88,76,1,250,4
16:00,58,31,1,70,24
16:00,97,69,1,339,8
16:00,92,44,1,323,8
16:00,47,60,1,259,1
16:00,73,34,1,265,2
16:00,85,15,1,47,1
16:00,57,24,1,127,1
16:00,146,52,1,192,24
16:00,128,50,1,95,24
16:00,61,51,1,385,8
16:00,122,77,1,120,8
16:00,144,97,1,132,4
16:00,39,27,1,236,4
16:00,12,88,1,334,8
16:00,105,72,1,195,4
16:00,132,65,1,54,8
16:00,122,26,1,279,8
16:00,142,76,1,90,1
16:00,12,66,1,181,4
16:00,63,43,1,203,2
16:00,77,77,1,130,4
16:00,83,3,1,76,1
16:00,4,0,1,116,1
16:00,130,42,1,39,4
16:00,115,40,1,5,1
16:00,36,56,1,151,4
16:00,62,99,1,100,24
16:00,50,46,1,351,2
16:00,137,41,1,67,24
16:00,74,10,1,130,8
16:00,45,60,1,202,24
16:00,103,84,1,137,4
16:00,149,60,1,338,2
16:00,18,34,1,320,8
16:00,106,52,1,75,24
16:00,18,90,1,281,4
16:00,4,63,1,246,1
16:00,62,19,1,375,24
16:00,68,15,1,236,8
16:00,47,95,1,132,4
16:00,131,2,1,309,8
16:00,78,64,1,204,8
16:00,58,20,1,146,24
16:00,115,62,1,320,8
16:00,140,70,1,372,2
16:00,21,83,1,52,24
16:00,47,59,1,82,4
16:00,57,47,1,129,24
16:00,19,73,1,327,2
16:00,77,28,1,340,8
16:00,102,16,1,194,8
16:00,100,23,1,253,8
16:00,94,48,1,388,24
16:00,25,57,1,353,4
16:00,22,62,1,373,8
16:00,113,84,1,360,4
16:00,84,98,1,208,8
16:00,18,19,1,47,2
16:00,148,44,1,274,8
16:00,33,65,1,87,2
16:00,81,27,1,383,8
16:00,112,31,1,165,24
16:00,114,21,1,253,4
16:00,88,49,1,144,8
16:00,114,57,1,7,24
16:00,41,61,1,310,4
16:00,62,56,1,283,8
16:00,92,20,1,359,2
16:00,11,0,1,381,1
16:00,38,67,1,264,1
16:00,125,15,1,2,1
16:00,93,27,1,194,24
16:00,145,46,1,389,4
16:00,118,50,1,64,8
16:00,37,60,1,389,8
16:00,33,88,1,389,4
16:00,96,39,1,117,4
16:00,123,94,1,83,2
16:00,76,46,1,11,1
16:00,118,70,1,277,8
16:00,97,85,1,257,2
16:00,18,17,1,374,4
16:00,83,51,1,135,1
16:00,16,4,1,392,2
16:00,146,71,1,63,8
16:00,51,12,1,382,2
16:00,68,68,1,176,1
16:00,52,66,1,386,2
16:00,138,78,1,356,2
16:00,142,0,1,192,1
16:00,75,74,1,106,24
16:00,94,77,1,40,24
16:00,137,82,1,4,24
16:00,110,93,1,240,24
16:00,33,86,1,202,24
16:00,101,39,1,240,24
16:00,117,16,1,5,1
16:00,26,33,1,261,1
16:00,8,97,1,293,24
16:00,107,52,1,94,24
16:00,94,2,1,28,1
16:00,35,76,1,130,4
16:00,41,96,1,1,1
16:00,121,84,1,344,24
16:00,100,8,1,29,8
16:00,53,61,1,381,24
16:00,104,40,1,193,4
16:00,91,39,1,274,24
16:00,123,52,1,30,1
16:00,54,3,1,315,4
16:00,20,42,1,92,24
16:00,15,35,1,130,4
16:00,136,54,1,196,4
16:00,39,60,1,146,8
16:00,69,75,1,182,1
16:00,17,86,1,124,2
18:00,64,39,225,353,8
18:00,43,36,23,161,8
18:00,1,90,36,53,24
18:00,38,44,90,278,24
18:00,118,36,28,9,1
18:00,86,37,19,352,2
18:00,4,30,11,259,4
18:00,12,72,2,241,4
18:00,41,44,6,366,2
18:00,72,4,5,61,24
18:00,76,66,1,125,4
18:00,116,11,5,271,2
18:00,104,27,1,282,2
18:00,84,7,5,364,4
18:00,11,66,5,9,8
18:00,17,51,4,153,8
18:00,72,88,4,106,4
18:00,50,25,1,367,2
18:00,43,14,1,377,4
18:00,38,72,1,214,4
18:00,60,96,1,39,2
18:00,105,65,1,71,2
18:00,22,22,1,248,24
18:00,22,35,1,157,4
18:00,103,5,1,162,24
18:00,0,76,1,61,1
18:00,69,47,1,244,2
18:00,32,67,1,111,8
18:00,115,35,1,367,24
18:00,44,19,1,383,2
18:00,137,60,1,26,1
18:00,117,98,1,62,4
18:00,104,63,1,79,24
18:00,4,75,1,334,4
18:00,81,29,1,235,1
18:00,27,5,1,249,1
18:00,104,50,1,2,2
18:00,65,30,1,330,8
18:00,90,35,1,56,4
18:00,148,24,1,130,2
18:00,75,84,1,217,24
18:00,105,83,1,69,4
18:00,18,43,1,114,1
18:00,19,33,1,43,24
18:00,42,68,1,309,24
18:00,51,69,1,128,4
18:00,20,83,1,233,2
18:00,33,29,1,35,2
18:00,100,26,1,328,8
18:00,131,91,1,187,1
18:00,133,0,1,271,2
18:00,122,72,1,189,24
18:00,65,14,1,18,8
18:00,44,12,1,199,24
18:00,51,25,1,245,2
18:00,145,36,1,393,1
18:00,149,38,1,84,1
18:00,130,28,1,118,24
18:00,135,33,1,28,24
18:00,98,17,1,360,24
18:00,77,63,1,352,2
18:00,48,12,1,153,1
18:00,88,77,1,245,8
18:00,76,13,1,266,4
18:00,127,62,1,326,8
18:00,119,34,1,240,24
18:00,86,37,1,33,4
18:00,100,5,1,306,4
18:00,35,88,1,327,1
18:00,76,61,1,237,1
18:00,133,6,1,176,1
18:00,20,65,1,160,4
18:00,60,94,1,117,4
18:00,38,52,1,145,1
18:00,116,94,1,228,4
18:00,68,11,1,390,24
18:00,48,45,1,224,8
18:00,91,91,1,12,2
18:00,130,77,1,14,8
18:00,44,40,1,195,8
18:00,28,58,1,250,1
18:00,24,70,1,127,2
18:00,109,76,1,319,24
18:00,58,20,1,217,4
18:00,101,85,1,18,1
18:00,147,41,1,316,1
18:00,66,73,1,360,1
18:00,97,25,1,297,8
18:00,28,97,1,347,2
18:00,141,50,1,36,2
18:00,84,16,1,106,8
18:00,50,56,1,341,1
18:00,40,85,1,310,8
18:00,110,91,1,103,2
18:00,131,71,1,245,8
18:00,137,13,1,44,1
18:00,114,15,1,226,2
18:00,101,21,1,359,2
18:00,117,34,1,347,2
18:00,57,50,1,225,24
18:00,53,72,1,162,24
18:00,73,30,1,165,24
18:00,65,38,1,93,4
18:00,84,76,1,20,8
18:00,22,5,1,263,2
18:00,21,62,1,65,8
18:00,116,9,1,268,24
18:00,47,75,1,277,2
18:00,98,39,1,336,2
18:00,94,86,1,45,24
18:00,29,99,1,25,24
18:00,3,53,1,55,2
18:00,145,87,1,96,24
18:00,105,19,1,233,4
18:00,60,10,1,116,2
18:00,58,10,1,250,24
18:00,33,29,1,184,2
18:00,73,94,1,359,2
18:00,104,66,1,288,24
18:00,88,28,1,159,4
18:00,42,32,1,263,8
18:00,59,48,1,119,8
18:00,116,96,1,172,8
18:00,29,76,1,375,1
18:00,87,15,1,320,1
18:00,40,30,1,171,2
18:00,111,46,1,90,24
18:00,75,26,1,83,4
18:00,147,41,1,324,24
18:00,58,14,1,260,8
18:00,4,20,1,75,2
18:00,121,0,1,260,1
18:00,10,89,1,386,8
18:00,30,12,1,322,4
18:00,17,68,1,304,4
18:00,116,79,1,396,1
18:00,58,69,1,333,2
18:00,81,53,1,102,2
18:00,12,89,1,393,8
18:00,14,51,1,394,1
18:00,138,2,1,389,2
18:00,18,30,1,131,4
18:00,149,51,1,360,2
18:00,68,90,1,336,1
18:00,31,97,1,380,8
18:00,30,76,1,71,8
18:00,117,0,1,223,1
18:00,126,37,1,208,8
18:00,43,31,1,194,1
18:00,80,48,1,262,1
18:00,148,40,1,220,1
18:00,125,72,1,362,4
18:00,140,28,1,376,1
18:00,5,35,1,271,8
18:00,145,77,1,355,24
18:00,108,73,1,14,2
18:00,100,7,1,128,2
18:00,26,39,1,260,1
18:00,63,2,1,340,24
18:00,33,12,1,271,2
18:00,25,91,1,330,8
18:00,112,56,1,181,2
18:00,98,99,1,175,8
18:00,66,83,1,365,8
18:00,4,55,1,311,8
18:00,40,82,1,307,24
18:00,109,62,1,135,24
18:00,38,3,1,41,2
18:00,36,70,1,9,2
18:00,27,4,1,161,8
18:00,74,3,1,299,8
18:00,112,33,1,260,8
18:00,104,86,1,64,4
18:00,121,99,1,206,2
18:00,90,35,1,317,8
18:00,148,81,1,127,24
18:00,56,8,1,13,1
18:00,59,54,1,315,24
18:00,114,16,1,334,24
18:00,106,24,1,347,1
18:00,49,41,1,193,24
18:00,127,47,1,298,1
18:00,96,62,1,190,24
18:00,116,85,1,329,1
18:00,36,38,1,366,24
18:00,7,20,1,28,24
18:00,139,91,1,384,1
18:00,63,71,1,378,1
18:00,80,79,1,244,2
18:00,14,28,1,305,4
18:00,135,39,1,259,2
18:00,15,63,1,160,2
18:00,133,83,1,357,24
18:00,57,22,1,91,2
18:00,81,3,1,313,2
18:00,102,92,1,58,4
18:00,52,21,1,81,24
18:00,143,86,1,394,2
18:00,104,21,1,83,4
18:00,144,9,1,43,2
18:00,39,60,1,233,8
18:00,129,25,1,176,2
18:00,50,85,1,82,8
18:00,47,79,1,162,24
18:00,10,43,1,335,2
18:00,61,37,1,142,4
18:00,135,53,1,54,8
18:00,99,16,1,178,1
18:00,100,36,1,338,1
18:00,81,29,1,68,4
18:00,100,93,1,146,8
18:00,70,1,1,251,2
18:00,1,44,1,262,2
18:00,20,99,1,3,24
18:00,14,2,1,325,2
18:00,0,91,1,46,4
18:00,47,12,1,345,24
18:00,104,45,1,94,1
18:00,148,42,1,353,1
18:00,117,98,1,124,8
18:00,125,49,1,382,1
18:00,124,75,1,148,2
18:00,62,29,1,7,4
18:00,82,7,1,38,1
18:00,117,3,1,85,24
18:00,83,58,1,294,24
18:00,4,36,1,247,2
18:00,3,85,1,61,2
18:00,86,73,1,176,1
18:00,78,67,1,118,4
18:00,52,49,1,244,1
18:00,57,55,1,354,8
18:00,15,22,1,287,2
18:00,115,91,1,53,2
18:00,74,5,1,237,1
18:00,43,19,1,22,2
18:00,23,89,1,51,1
18:00,28,20,1,307,8
20:00,36,23,72,332,1
20:01,121,97,28,170,24
20:02,53,77,14,65,8
20:03,66,86,46,392,4
20:04,107,49,36,365,4
20:05,25,68,11,186,2
20:06,18,27,9,353,24
20:07,99,98,8,314,1
20:08,74,9,2,223,2
20:09,142,87,3,31,8
20:10,29,14,3,2,2
20:11,35,20,2,398,2
20:12,86,57,1,240,2
20:13,147,55,1,10,1
20:14,105,14,1,114,24
20:15,57,90,1,32,24
20:16,93,46,1,398,24
20:17,42,31,1,226,8
20:18,77,49,1,174,1
20:19,39,17,1,324,8
20:20,0,30,1,222,4
20:21,77,52,1,301,4
20:22,79,22,1,48,1
20:23,144,83,1,392,24
20:24,93,55,1,345,24
20:25,125,74,1,212,1
20:26,40,6,1,211,4
20:27,105,81,1,131,24
20:28,72,93,1,169,4
20:29,59,47,1,351,8
20:30,129,81,1,14,8
20:31,70,71,1,304,4
20:32,61,69,1,22,24
20:33,84,63,1,55,8
20:34,105,49,1,186,24
20:35,134,64,1,230,8
20:36,18,61,1,392,1
20:37,100,68,1,102,4
20:38,127,71,1,34,1
20:39,99,60,1,352,4
20:40,117,20,1,123,2
20:41,11,2,1,308,2
20:42,132,24,1,61,8
20:43,103,96,1,165,24
20:44,63,81,1,373,4
20:45,41,55,1,219,24
20:46,71,36,1,4,4
20:47,138,65,1,176,8
20:48,112,41,1,80,2
20:49,27,8,1,211,24
20:50,94,42,1,162,8
20:51,51,52,1,136,4
20:52,77,3,1,326,2
20:53,98,5,1,150,4
20:54,140,53,1,286,1
20:55,6,86,1,167,4
20:56,35,26,1,95,2
20:57,93,11,1,156,24
20:58,74,42,1,386,1
20:59,29,20,1,294,8
21:00,143,70,1,372,4
21:01,65,20,1,398,1
21:02,37,60,1,214,4
21:03,51,7,1,271,8
21:04,43,72,1,238,4
21:05,103,96,1,22,24
21:06,64,2,1,69,24
21:07,96,44,1,377,8
21:08,68,30,1,135,2
21:09,16,93,1,285,8
21:10,82,34,1,390,4
21:11,99,24,1,350,1
21:12,116,8,1,87,8
21:13,26,28,1,43,4
21:14,72,61,1,82,8
21:15,62,44,1,311,8
21:16,144,91,1,38,24
21:17,102,29,1,153,2
21:18,136,48,1,20,8
21:19,137,86,1,125,1
21:20,50,92,1,16,2
21:21,128,17,1,1,4
21:22,15,91,1,67,4
21:23,7,25,1,105,1
21:24,36,65,1,315,8
21:25,117,82,1,363,24
21:26,20,72,1,281,24
21:27,64,19,1,132,4
21:28,51,86,1,273,1
21:29,86,28,1,369,2
21:30,124,64,1,366,2
21:31,48,41,1,390,2
21:32,137,60,1,60,8
21:33,69,22,1,299,4
22:00,115,34,21,123,2
23:00,61,95,99,232,24
