00:00,110,63,5,85,4
00:30,16,31,8,268,8
01:00,25,61,5,164,2
01:30,37,96,15,296,4
02:00,110,89,13,195,1
02:06,97,4,22,284,24
02:12,103,37,5,139,24
02:18,90,81,4,343,4
02:24,29,75,4,144,8
02:30,82,40,4,83,24
02:36,23,26,2,138,2
02:42,50,1,3,118,4
02:48,106,56,1,75,4
02:54,66,48,4,262,2
03:00,13,71,1,33,24
03:06,23,41,1,396,1
03:12,26,23,1,22,24
03:18,49,58,1,340,4
03:24,130,45,1,192,4
03:30,25,17,1,348,8
03:36,91,93,1,154,1
03:42,60,36,1,313,8
04:00,114,48,26,151,2
04:02,86,41,34,224,1
04:04,141,62,14,231,4
04:06,15,68,7,1,1
04:08,37,16,6,399,4
04:10,108,40,4,116,4
04:12,86,59,2,377,2
04:14,97,9,1,57,4
04:16,98,51,3,103,1
04:18,31,26,1,308,1
04:20,32,82,1,233,1
04:22,104,93,1,331,2
04:24,19,53,1,181,4
04:26,121,84,1,181,4
04:28,79,44,1,363,2
04:30,28,78,1,285,24
04:32,68,28,1,202,4
04:34,72,1,1,45,1
04:36,49,59,1,37,4
04:38,145,84,1,115,8
04:40,98,41,1,259,24
04:42,88,65,1,79,4
04:44,94,54,1,320,8
04:46,55,1,1,326,8
04:48,35,14,1,394,4
04:50,0,41,1,354,2
04:52,99,0,1,309,8
04:54,21,37,1,176,2
04:56,86,92,1,328,8
04:58,57,92,1,144,4
05:00,7,28,1,317,24
05:02,5,41,1,248,24
05:04,78,78,1,212,4
05:06,104,57,1,97,4
05:08,43,44,1,145,8
05:10,2,15,1,9,4
05:12,90,64,1,202,1
05:14,128,30,1,288,4
05:16,56,2,1,74,1
05:18,60,82,1,203,8
05:20,48,21,1,144,1
05:22,23,8,1,388,4
05:24,118,53,1,161,1
05:26,64,81,1,183,1
05:28,7,98,1,145,4
05:30,146,35,1,390,8
05:32,97,60,1,366,1
05:34,96,69,1,7,8
05:36,94,25,1,166,4
06:00,140,11,6,128,24
06:04,102,52,28,34,1
06:08,85,54,18,279,8
06:12,68,99,24,55,8
06:16,22,28,11,368,4
06:20,133,72,3,388,8
06:24,79,14,2,273,24
06:28,11,86,3,312,2
06:32,47,18,3,11,1
06:36,81,84,1,20,1
06:40,137,32,1,159,1
06:44,42,83,1,69,2
06:48,41,14,1,69,4
06:52,86,70,1,369,4
06:56,89,61,1,335,8
07:00,140,22,1,66,4
07:04,105,23,1,338,1
07:08,77,22,1,354,4
07:12,26,6,1,238,2
07:16,36,41,1,67,4
07:20,16,25,1,148,24
07:24,121,28,1,377,24
07:28,72,8,1,363,8
07:32,133,83,1,142,1
07:36,59,38,1,14,2
07:40,31,84,1,301,24
08:00,28,18,15,70,1
08:06,107,22,7,63,2
08:12,143,4,4,33,8
08:18,107,78,7,181,2
08:24,9,16,3,321,8
08:30,15,36,3,86,2
08:36,9,13,4,136,1
08:42,70,55,1,257,4
08:48,102,69,2,306,8
08:54,67,19,1,117,8
09:00,139,16,1,105,4
09:06,122,45,1,60,8
09:12,5,25,1,112,8
09:18,30,84,1,70,2
09:24,68,7,1,234,24
09:30,101,54,1,347,4
09:36,55,56,1,126,8
09:42,142,97,1,35,2
09:48,108,10,1,232,4
10:00,123,58,22,102,4
10:08,81,62,5,119,1
10:16,126,34,7,128,2
10:24,96,48,8,369,1
10:32,56,34,11,37,8
10:40,136,90,3,44,24
10:48,5,16,2,251,4
10:56,39,80,2,17,1
11:04,74,75,2,37,2
11:12,19,96,1,334,8
11:20,5,84,1,37,4
11:28,14,89,1,123,4
11:36,75,32,1,130,2
11:44,44,46,1,186,2
12:00,25,60,6,342,1
12:07,120,0,31,271,8
12:14,65,79,8,70,8
12:21,31,98,9,159,4
12:28,45,20,8,115,1
12:35,40,40,1,174,8
12:42,147,31,5,194,1
12:49,69,35,3,329,8
12:56,142,86,2,383,8
13:03,2,25,1,315,2
13:10,130,53,3,245,4
13:17,97,96,1,255,24
13:24,144,74,1,71,1
13:31,149,30,1,207,1
13:38,28,95,1,148,4
13:45,111,41,1,143,24
13:52,25,77,1,359,2
14:00,88,16,39,90,1
14:40,48,37,18,317,2
15:20,18,32,40,119,4
16:00,66,65,85,118,8
16:01,149,0,15,198,1
16:02,91,96,27,143,4
16:03,56,72,16,60,8
16:04,133,39,2,368,8
16:05,19,18,2,46,8
16:06,98,12,14,89,24
16:07,2,21,8,58,4
16:08,149,40,9,284,24
16:09,60,80,1,294,2
16:10,92,69,3,234,8
16:11,143,2,1,71,8
16:12,106,9,4,138,24
16:13,107,47,2,111,2
16:14,148,29,2,340,8
16:15,14,45,1,368,8
16:16,141,60,1,161,8
16:17,138,26,1,261,2
16:18,69,64,1,105,1
16:19,108,53,1,395,1
16:20,43,68,1,186,24
16:21,110,67,1,239,2
16:22,31,99,1,240,4
16:23,85,33,1,65,2
16:24,66,65,1,334,2
16:25,22,9,1,24,24
16:26,51,65,1,284,24
16:27,94,80,1,250,1
16:28,124,65,1,339,24
16:29,2,18,1,196,24
16:30,122,65,1,67,24
16:31,90,22,1,104,2
16:32,23,0,1,366,24
16:33,101,15,1,218,8
16:34,89,33,1,43,1
16:35,111,24,1,18,24
16:36,21,83,1,340,2
16:37,114,33,1,301,4
16:38,1,38,1,312,8
16:39,8,79,1,28,2
16:40,61,76,1,345,24
16:41,83,48,1,132,2
16:42,137,5,1,191,2
16:43,57,9,1,92,8
16:44,40,44,1,179,4
16:45,120,78,1,370,4
16:46,118,83,1,37,24
16:47,136,49,1,6,24
16:48,142,59,1,198,24
16:49,8,76,1,109,24
16:50,119,73,1,15,1
16:51,108,26,1,384,24
16:52,22,90,1,57,8
16:53,125,26,1,10,1
16:54,35,20,1,82,4
16:55,132,8,1,398,8
16:56,147,35,1,94,24
16:57,16,42,1,254,1
16:58,39,13,1,4,24
16:59,8,41,1,197,24
17:00,35,50,1,45,24
17:01,88,89,1,286,2
17:02,49,17,1,392,24
17:03,72,4,1,219,8
17:04,23,9,1,345,2
17:05,61,56,1,159,8
17:06,36,25,1,325,8
17:07,147,16,1,196,8
17:08,53,4,1,55,24
17:09,94,43,1,86,1
17:10,138,66,1,255,4
17:11,32,21,1,341,24
17:12,12,5,1,366,2
17:13,47,32,1,375,1
17:14,108,25,1,219,4
17:15,101,56,1,196,1
17:16,140,88,1,145,4
17:17,96,71,1,120,8
17:18,77,78,1,94,8
17:19,2,78,1,165,24
17:20,58,34,1,149,2
17:21,60,19,1,175,2
17:22,144,84,1,365,1
17:23,10,97,1,142,1
17:24,34,57,1,273,1
17:25,14,59,1,95,1
17:26,129,82,1,46,4
17:27,137,1,1,211,24
17:28,72,30,1,392,2
17:29,68,4,1,190,24
17:30,127,23,1,84,8
17:31,47,83,1,265,2
17:32,68,85,1,175,1
17:33,83,61,1,1,24
17:34,48,63,1,150,24
18:00,21,84,49,278,4
18:40,117,40,20,214,2
19:20,143,21,60,23,2
20:00,7,25,13,131,2
20:06,145,91,24,68,24
20:12,137,62,13,323,4
20:18,7,12,1,103,1
20:24,138,86,4,149,24
20:30,114,28,1,229,4
20:36,45,66,4,1,2
20:42,81,13,2,216,2
20:48,102,73,1,72,4
20:54,57,86,1,320,2
21:00,133,64,1,381,4
21:06,105,79,1,173,2
21:12,18,70,1,41,24
21:18,109,35,1,101,4
21:24,22,65,1,37,1
21:30,91,94,1,194,1
21:36,15,12,1,77,1
21:42,57,94,1,338,8
21:48,72,74,1,305,2
21:54,55,74,1,186,1
22:00,64,98,3,310,4
23:00,69,68,31,335,2
