00:00,56,41,34,156,4
00:03,144,82,16,139,24
00:06,12,86,1,62,8
00:09,84,28,10,66,2
00:12,1,86,4,67,1
00:15,22,82,1,40,2
00:18,5,67,4,163,2
00:21,65,11,2,275,24
00:24,66,85,1,195,1
00:27,106,12,2,109,4
00:30,11,97,1,61,24
00:33,17,7,1,249,1
00:36,2,44,1,176,2
00:39,50,98,1,171,8
00:42,95,35,1,192,1
00:45,68,50,1,326,2
00:48,7,54,1,361,8
00:51,65,17,1,240,4
00:54,147,43,1,253,4
00:57,3,12,1,117,24
01:00,64,83,1,17,8
01:03,28,21,1,340,24
01:06,66,70,1,94,2
01:09,87,74,1,225,8
01:12,4,74,1,146,4
01:15,57,40,1,225,8
01:18,39,20,1,92,1
01:21,15,33,1,33,1
01:24,73,32,1,227,4
01:27,145,26,1,79,4
01:30,96,36,1,320,24
01:33,117,18,1,31,1
01:36,128,36,1,351,4
01:39,15,5,1,344,4
02:00,55,24,45,26,4
02:02,54,86,24,154,2
02:04,79,13,41,148,1
02:06,109,31,4,56,24
02:08,29,55,3,281,8
02:10,33,34,7,153,8
02:12,27,4,14,294,1
02:14,17,23,7,206,1
02:16,114,33,4,92,8
02:18,59,46,1,65,1
02:20,79,18,1,24,2
02:22,113,67,1,142,8
02:24,56,86,1,352,8
02:26,127,60,1,239,8
02:28,78,74,1,277,4
02:30,141,36,1,301,1
02:32,6,46,1,217,8
02:34,25,59,1,239,4
02:36,70,73,1,244,8
02:38,2,94,1,236,2
02:40,19,6,1,304,8
02:42,80,11,1,305,1
02:44,15,93,1,108,2
02:46,31,37,1,367,8
02:48,124,60,1,299,8
02:50,131,88,1,362,24
02:52,84,87,1,243,8
02:54,26,7,1,187,1
02:56,149,24,1,46,8
02:58,1,87,1,367,24
03:00,56,48,1,76,4
03:02,103,79,1,214,24
03:04,143,72,1,399,1
03:06,86,27,1,389,2
03:08,148,33,1,62,2
03:10,111,68,1,292,1
03:12,130,88,1,227,1
03:14,110,3,1,80,2
03:16,114,30,1,301,24
03:18,147,14,1,314,24
03:20,77,74,1,334,8
03:22,95,25,1,135,8
03:24,99,58,1,110,4
03:26,65,82,1,366,1
03:28,84,66,1,166,2
03:30,145,74,1,189,1
03:32,97,85,1,310,1
03:34,139,61,1,100,8
03:36,2,10,1,96,4
03:38,10,98,1,8,8
04:00,15,8,49,111,8
04:01,148,59,81,347,24
04:02,9,15,21,398,4
04:03,25,3,3,160,24
04:04,109,39,25,211,24
04:05,95,64,24,335,24
04:06,28,85,3,251,24
04:07,57,22,10,377,2
04:08,107,87,3,34,2
04:09,49,12,4,250,24
04:10,88,55,3,105,1
04:11,80,62,1,129,2
04:12,57,60,1,141,24
04:13,103,16,1,70,24
04:14,70,61,1,163,2
04:15,149,37,1,207,1
04:16,129,25,1,348,2
04:17,20,53,1,194,8
04:18,72,55,1,304,4
04:19,117,34,1,87,24
04:20,35,89,1,371,1
04:21,117,16,1,75,4
04:22,9,35,1,140,8
04:23,49,20,1,209,8
04:24,64,47,1,390,4
04:25,92,16,1,188,2
04:26,100,39,1,255,8
04:27,94,77,1,359,4
04:28,106,53,1,252,24
04:29,73,42,1,190,4
04:30,69,59,1,35,8
04:31,89,78,1,354,4
04:32,82,81,1,319,2
04:33,129,13,1,312,4
04:34,5,33,1,160,2
04:35,149,60,1,138,2
04:36,30,98,1,264,1
04:37,30,92,1,100,2
04:38,122,45,1,336,2
04:39,101,75,1,345,1
04:40,25,14,1,33,1
04:41,45,95,1,268,24
04:42,141,89,1,251,2
04:43,7,41,1,360,24
04:44,97,99,1,1,2
04:45,89,4,1,264,8
04:46,133,57,1,314,8
04:47,30,75,1,351,8
04:48,60,52,1,146,4
04:49,49,79,1,33,2
04:50,136,11,1,343,2
04:51,63,18,1,296,24
04:52,89,20,1,269,4
04:53,14,73,1,177,8
04:54,129,71,1,362,4
04:55,27,6,1,380,1
04:56,117,10,1,27,1
04:57,142,11,1,351,2
04:58,65,83,1,205,8
04:59,129,86,1,356,4
05:00,99,69,1,197,24
05:01,132,66,1,166,1
05:02,149,79,1,296,1
05:03,111,61,1,8,8
05:04,38,92,1,99,4
06:00,105,80,33,16,4
06:01,66,25,61,37,24
06:02,50,5,30,400,4
06:03,31,67,51,283,2
06:04,129,35,18,25,2
06:05,79,25,3,47,1
06:06,4,50,3,182,24
06:07,134,86,8,284,1
06:08,126,52,8,60,8
06:09,127,86,4,214,4
06:10,22,65,3,366,8
06:11,96,19,2,358,4
06:12,49,19,1,319,4
06:13,71,9,2,293,4
06:14,58,23,2,39,8
06:15,6,58,2,81,8
06:16,140,18,1,243,2
06:17,40,92,1,126,4
06:18,44,71,1,398,2
06:19,18,40,1,208,2
06:20,14,82,1,351,1
06:21,133,83,1,123,2
06:22,57,73,1,43,2
06:23,147,77,1,260,24
06:24,8,51,1,218,4
06:25,104,54,1,134,1
06:26,46,94,1,41,24
06:27,130,56,1,257,4
06:28,42,60,1,345,4
06:29,115,38,1,325,8
06:30,120,86,1,271,1
06:31,68,64,1,188,8
06:32,141,92,1,242,8
06:33,112,93,1,189,1
06:34,28,48,1,368,1
06:35,20,35,1,362,8
06:36,22,63,1,137,1
06:37,6,31,1,227,1
06:38,0,6,1,114,1
06:39,105,67,1,48,1
06:40,117,59,1,260,8
06:41,85,10,1,91,8
06:42,40,29,1,282,24
06:43,85,19,1,227,2
06:44,0,59,1,151,4
06:45,96,70,1,363,4
06:46,85,97,1,110,24
06:47,60,17,1,265,8
06:48,24,2,1,375,24
06:49,40,88,1,39,4
06:50,72,33,1,48,8
06:51,117,2,1,261,2
06:52,78,15,1,234,2
06:53,131,82,1,374,1
06:54,45,59,1,344,1
06:55,102,4,1,366,4
06:56,104,78,1,180,2
06:57,46,33,1,250,1
06:58,75,31,1,218,8
06:59,142,98,1,216,1
07:00,134,9,1,59,24
07:01,69,17,1,139,8
07:02,47,96,1,202,2
07:03,81,2,1,24,2
07:04,45,42,1,290,4
07:05,37,35,1,172,4
07:06,32,60,1,367,24
07:07,2,5,1,83,2
07:08,103,15,1,17,2
07:09,102,41,1,50,24
07:10,109,80,1,188,4
07:11,13,68,1,351,8
07:12,86,60,1,346,1
07:13,78,71,1,132,4
07:14,111,28,1,232,1
07:15,5,12,1,127,2
07:16,89,78,1,164,24
07:17,103,75,1,69,24
07:18,12,54,1,198,24
07:19,30,17,1,266,4
07:20,113,94,1,148,2
07:21,1,73,1,362,2
07:22,113,15,1,268,1
07:23,71,90,1,388,8
07:24,64,17,1,110,24
07:25,12,27,1,233,24
07:26,141,99,1,351,4
07:27,130,83,1,194,8
07:28,62,77,1,215,24
07:29,3,25,1,71,8
07:30,132,64,1,260,8
07:31,26,33,1,377,24
07:32,60,50,1,21,4
07:33,67,89,1,153,1
07:34,24,95,1,159,8
07:35,142,84,1,302,4
07:36,33,17,1,28,8
08:00,24,54,3,53,1
08:12,11,55,43,188,2
08:24,113,99,28,289,4
08:36,126,78,13,306,8
08:48,122,75,2,44,2
09:00,43,62,1,19,24
09:12,77,42,2,325,4
09:24,68,21,3,348,24
09:36,131,35,2,174,8
09:48,44,21,5,162,24
10:00,8,60,3,103,24
10:24,35,95,8,220,8
10:48,93,84,26,90,8
11:12,1,21,29,299,1
11:36,91,12,70,144,24
12:00,103,78,23,317,2
12:01,111,76,52,34,1
12:02,96,63,4,57,4
12:03,86,18,12,259,2
12:04,105,92,36,75,4
12:05,103,51,5,112,24
12:06,28,24,12,217,8
12:07,105,46,10,224,4
12:08,85,92,2,99,2
12:09,78,7,7,279,2
12:10,140,89,1,400,1
12:11,27,47,1,88,24
12:12,4,33,1,106,2
12:13,104,46,2,327,8
12:14,39,3,1,329,24
12:15,106,53,1,12,24
12:16,45,52,1,84,1
12:17,107,25,1,179,2
12:18,131,56,1,245,4
12:19,72,28,1,318,24
12:20,118,27,1,241,24
12:21,78,68,1,51,2
12:22,94,65,1,383,4
12:23,126,54,1,394,24
12:24,63,51,1,282,1
12:25,115,58,1,99,4
12:26,70,53,1,306,8
12:27,124,69,1,237,24
12:28,27,43,1,378,2
12:29,126,69,1,176,2
12:30,119,32,1,27,24
12:31,114,60,1,148,24
12:32,83,45,1,384,2
12:33,61,57,1,152,8
12:34,57,11,1,249,2
12:35,99,38,1,380,24
12:36,50,29,1,217,8
12:37,71,97,1,183,24
12:38,65,19,1,71,2
12:39,137,88,1,83,1
12:40,148,81,1,400,24
12:41,130,68,1,395,1
12:42,34,37,1,180,24
12:43,62,69,1,212,8
12:44,132,41,1,180,1
12:45,66,61,1,33,4
12:46,26,90,1,251,1
12:47,73,48,1,381,24
12:48,89,88,1,338,24
12:49,87,99,1,165,24
12:50,110,47,1,201,2
12:51,86,90,1,139,24
12:52,61,79,1,197,8
12:53,32,68,1,36,1
12:54,35,17,1,269,2
12:55,21,18,1,347,2
12:56,129,5,1,140,8
12:57,65,48,1,45,8
12:58,26,74,1,386,4
12:59,131,20,1,58,2
13:00,110,88,1,387,4
13:01,3,14,1,154,8
13:02,66,53,1,230,2
13:03,107,98,1,134,1
13:04,33,48,1,343,1
13:05,91,17,1,138,24
13:06,125,89,1,134,24
13:07,133,43,1,346,8
13:08,84,92,1,341,2
13:09,78,96,1,362,1
13:10,102,29,1,334,2
13:11,144,87,1,372,4
13:12,54,13,1,123,2
13:13,83,62,1,294,24
14:00,129,73,73,340,8
14:01,112,4,32,358,8
14:02,75,68,5,252,2
14:03,118,48,42,144,4
14:04,145,50,23,389,2
14:05,144,46,1,2,24
14:06,123,39,10,158,2
14:07,59,72,10,261,4
14:08,79,75,5,277,2
14:09,113,84,1,375,1
14:10,72,80,1,157,2
14:11,33,90,1,323,8
14:12,125,8,1,63,8
14:13,16,22,1,115,8
14:14,7,72,1,39,24
14:15,135,88,1,327,1
14:16,102,80,1,163,4
14:17,26,73,1,179,8
14:18,47,79,1,378,1
14:19,85,74,1,253,24
14:20,94,13,1,390,24
14:21,38,8,1,292,4
14:22,139,59,1,373,24
14:23,4,61,1,343,4
14:24,24,31,1,396,2
14:25,135,86,1,268,2
14:26,49,65,1,175,2
14:27,134,7,1,315,8
14:28,50,51,1,298,2
14:29,51,82,1,384,24
14:30,51,19,1,76,8
14:31,2,36,1,301,8
14:32,116,11,1,151,4
14:33,114,97,1,261,24
14:34,8,44,1,337,4
14:35,53,8,1,34,4
14:36,138,64,1,261,2
14:37,137,46,1,272,2
14:38,33,98,1,259,1
14:39,95,51,1,96,24
14:40,114,73,1,236,2
14:41,57,84,1,198,24
14:42,1,26,1,263,1
14:43,126,75,1,155,24
14:44,120,10,1,191,4
14:45,56,41,1,59,24
14:46,100,65,1,307,24
14:47,49,19,1,152,4
14:48,52,18,1,68,2
14:49,45,17,1,278,2
14:50,22,4,1,58,24
14:51,134,2,1,77,24
14:52,3,70,1,176,24
14:53,37,43,1,74,1
14:54,90,43,1,211,24
14:55,113,23,1,382,4
14:56,84,68,1,71,24
14:57,83,10,1,158,1
14:58,145,29,1,34,8
14:59,109,91,1,161,1
15:00,47,8,1,207,24
15:01,52,99,1,101,2
15:02,68,42,1,140,2
15:03,115,49,1,58,4
15:04,23,67,1,108,2
15:05,101,45,1,85,1
15:06,46,35,1,278,4
15:07,60,44,1,255,1
15:08,91,43,1,52,1
15:09,80,27,1,115,2
15:10,16,20,1,133,1
15:11,68,15,1,339,24
15:12,3,77,1,316,2
15:13,72,71,1,164,8
15:14,81,76,1,382,4
15:15,85,65,1,30,24
15:16,11,17,1,120,4
15:17,10,77,1,317,1
15:18,132,63,1,71,24
15:19,17,83,1,210,8
15:20,37,80,1,142,24
15:21,70,11,1,322,8
15:22,72,61,1,52,24
15:23,79,68,1,118,1
15:24,78,52,1,195,1
15:25,32,6,1,298,24
15:26,81,1,1,42,8
15:27,22,43,1,15,8
16:00,120,66,214,184,8
16:01,61,57,89,319,24
16:02,66,64,41,240,24
16:03,79,95,11,248,2
16:04,20,73,1,224,1
16:05,34,25,25,229,24
16:06,4,60,17,330,24
16:07,65,13,4,80,1
16:08,19,30,16,307,4
16:09,142,17,27,313,1
16:10,140,77,11,175,24
16:11,122,3,8,233,8
16:12,93,30,2,278,8
16:13,129,74,1,371,4
16:14,42,23,2,191,24
16:15,111,20,1,318,1
16:16,59,50,1,285,8
16:17,138,37,1,136,1
16:18,125,58,1,94,2
16:19,4,97,1,253,1
16:20,44,64,1,393,1
16:21,49,58,1,212,1
16:22,1,4,1,43,2
16:23,75,83,1,333,24
16:24,88,10,1,34,1
16:25,32,89,1,393,24
16:26,72,38,1,354,8
16:27,75,0,1,253,1
16:28,23,93,1,307,4
16:29,105,20,1,84,2
16:30,25,78,1,400,2
16:31,70,16,1,378,8
16:32,75,74,1,25,1
16:33,149,15,1,65,4
16:34,135,89,1,307,8
16:35,47,74,1,256,8
16:36,27,58,1,99,4
16:37,117,75,1,207,4
16:38,106,15,1,134,2
16:39,62,85,1,397,2
16:40,63,91,1,108,1
16:41,121,69,1,346,1
16:42,47,74,1,120,1
16:43,59,55,1,285,4
16:44,101,60,1,354,8
16:45,44,27,1,399,1
16:46,95,18,1,198,1
16:47,115,21,1,221,8
16:48,20,20,1,66,24
16:49,127,5,1,75,24
16:50,148,33,1,267,2
16:51,4,71,1,44,2
16:52,68,50,1,153,8
16:53,107,77,1,154,24
16:54,3,31,1,246,1
16:55,118,16,1,132,2
16:56,17,61,1,211,2
16:57,129,67,1,171,2
16:58,49,50,1,147,4
16:59,147,79,1,357,24
17:00,3,84,1,142,24
17:01,36,80,1,186,24
17:02,79,47,1,128,1
17:03,69,26,1,57,4
17:04,38,66,1,359,8
17:05,35,61,1,340,24
17:06,38,58,1,296,8
17:07,15,30,1,192,8
17:08,59,67,1,171,8
17:09,12,60,1,326,4
17:10,132,1,1,394,1
17:11,35,32,1,276,1
17:12,37,92,1,22,4
17:13,107,25,1,237,2
17:14,126,64,1,178,4
17:15,39,5,1,37,8
17:16,28,82,1,214,1
17:17,96,66,1,214,8
17:18,141,41,1,62,24
17:19,45,45,1,317,2
17:20,93,46,1,344,2
17:21,0,18,1,94,24
17:22,31,89,1,362,8
17:23,9,43,1,28,2
17:24,91,89,1,153,2
17:25,35,41,1,114,8
17:26,81,60,1,179,24
17:27,32,70,1,189,1
17:28,109,9,1,38,8
17:29,74,69,1,30,1
17:30,64,64,1,342,8
17:31,2,48,1,13,2
17:32,138,25,1,363,1
17:33,56,57,1,97,1
17:34,112,61,1,224,24
17:35,123,6,1,282,1
17:36,113,75,1,310,1
17:37,65,61,1,279,8
17:38,56,97,1,383,24
17:39,57,16,1,160,1
17:40,137,41,1,20,1
17:41,18,14,1,125,1
17:42,5,24,1,79,4
17:43,132,49,1,205,1
17:44,103,82,1,305,24
17:45,148,10,1,256,1
17:46,131,8,1,382,1
17:47,35,40,1,317,8
17:48,87,65,1,364,2
17:49,96,41,1,270,2
17:50,4,46,1,55,24
17:51,132,87,1,382,1
17:52,58,18,1,128,4
17:53,75,24,1,226,8
17:54,119,34,1,265,24
18:00,116,9,145,256,2
18:24,5,65,58,362,8
18:48,145,61,50,96,24
19:12,73,17,18,172,24
19:36,55,84,44,235,4
20:00,101,77,9,315,4
20:01,22,33,1,70,1
20:02,70,8,58,362,8
20:03,63,63,28,118,2
20:04,113,82,28,319,1
20:05,90,21,15,118,4
20:06,25,11,4,159,8
20:07,8,40,4,308,24
20:08,131,69,4,332,8
20:09,19,13,1,38,24
20:10,6,76,2,315,8
20:11,12,25,1,356,1
20:12,10,67,1,266,24
20:13,68,69,1,23,24
20:14,53,70,1,365,4
20:15,138,69,1,145,2
20:16,23,71,1,162,8
20:17,61,70,1,330,4
20:18,32,33,1,258,4
20:19,45,59,1,107,2
20:20,1,97,1,138,24
20:21,134,91,1,372,8
20:22,32,14,1,43,8
20:23,58,33,1,39,8
20:24,4,88,1,152,24
20:25,38,12,1,106,1
20:26,104,7,1,346,8
20:27,31,87,1,137,24
20:28,143,83,1,95,4
20:29,65,57,1,50,1
20:30,89,58,1,294,4
20:31,126,86,1,183,8
20:32,32,83,1,85,2
20:33,48,1,1,255,8
20:34,44,15,1,52,1
20:35,71,48,1,149,1
20:36,85,79,1,63,2
20:37,137,83,1,296,2
20:38,43,31,1,168,8
20:39,47,13,1,218,4
20:40,25,46,1,18,1
20:41,45,82,1,305,1
20:42,125,64,1,295,2
20:43,46,3,1,120,2
20:44,29,42,1,259,8
20:45,74,5,1,127,24
20:46,114,97,1,262,8
20:47,31,87,1,55,2
20:48,98,3,1,230,4
20:49,73,87,1,391,24
20:50,51,5,1,59,4
20:51,138,68,1,298,8
20:52,124,35,1,258,1
20:53,134,47,1,398,4
20:54,90,20,1,75,4
20:55,51,61,1,183,1
20:56,149,83,1,58,4
20:57,82,95,1,90,2
20:58,91,87,1,249,24
20:59,46,75,1,242,4
21:00,34,56,1,325,2
21:01,119,84,1,238,24
21:02,37,35,1,252,2
21:03,93,82,1,193,1
21:04,44,54,1,198,2
21:05,85,12,1,385,1
21:06,79,66,1,361,24
21:07,14,12,1,281,4
21:08,55,71,1,83,1
21:09,51,14,1,87,4
21:10,93,52,1,372,8
21:11,113,13,1,190,8
22:00,46,3,5,394,4
22:03,123,99,27,99,8
22:06,38,50,1,22,4
22:09,18,44,16,399,24
22:12,119,25,4,389,24
22:15,37,61,11,70,4
22:18,28,77,1,67,8
22:21,12,32,3,9,8
22:24,52,2,5,295,8
22:27,66,50,2,72,24
22:30,121,96,1,258,4
22:33,69,51,1,219,1
22:36,47,88,2,293,2
22:39,123,89,1,168,1
22:42,139,40,1,382,8
22:45,126,96,1,343,8
22:48,113,30,1,282,2
22:51,22,56,1,262,4
22:54,105,94,1,10,2
22:57,47,48,1,56,8
23:00,97,1,1,279,2
23:03,120,50,1,137,8
23:06,83,38,1,141,24
23:09,96,92,1,310,4
23:12,112,26,1,267,2
23:15,1,85,1,288,24
23:18,100,68,1,164,1
23:21,20,57,1,301,2
23:24,128,14,1,81,2
23:27,126,81,1,198,4
23:30,115,66,1,205,24
23:33,110,36,1,218,8
23:36,55,78,1,199,8
