00:00,83,20,16,331,4
00:02,42,37,23,191,2
00:04,15,34,29,321,4
00:06,73,38,11,7,4
00:08,25,60,10,336,8
00:10,81,18,1,78,8
00:12,118,67,5,147,4
00:14,74,73,4,162,1
00:16,72,17,2,88,8
00:18,102,75,1,50,4
00:20,120,31,2,379,1
00:22,16,11,1,351,8
00:24,17,17,1,155,8
00:26,135,98,1,197,24
00:28,93,19,1,312,24
00:30,31,99,1,390,2
00:32,1,94,1,174,24
00:34,124,26,1,305,4
00:36,39,78,1,50,4
00:38,14,70,1,381,24
00:40,113,2,1,330,8
00:42,52,14,1,33,2
00:44,125,30,1,127,4
00:46,131,21,1,42,8
00:48,99,31,1,146,8
00:50,91,72,1,201,1
00:52,27,43,1,340,24
00:54,99,99,1,258,4
00:56,20,67,1,236,4
00:58,9,99,1,286,4
01:00,44,90,1,262,8
01:02,17,19,1,26,24
01:04,12,13,1,382,2
01:06,86,54,1,38,8
01:08,116,85,1,57,2
01:10,10,67,1,39,24
01:12,111,63,1,140,8
01:14,45,9,1,53,2
01:16,0,73,1,290,1
01:18,90,27,1,61,8
01:20,62,54,1,331,8
01:22,66,81,1,288,8
01:24,60,90,1,280,1
01:26,61,77,1,275,2
01:28,35,67,1,144,1
02:00,62,78,81,164,8
02:01,127,2,59,251,8
02:02,27,87,8,352,24
02:03,98,80,10,357,4
02:04,32,35,26,56,1
02:05,71,90,1,204,4
02:06,51,3,8,111,8
02:07,1,15,1,221,8
02:08,100,5,7,330,1
02:09,79,43,5,315,8
02:10,70,0,1,182,2
02:11,101,17,2,268,2
02:12,87,1,1,193,2
02:13,24,19,1,216,1
02:14,21,56,1,107,8
02:15,96,93,1,243,4
02:16,93,76,1,98,8
02:17,75,73,1,82,4
02:18,74,79,1,270,8
02:19,108,77,1,175,8
02:20,106,86,1,297,4
02:21,127,26,1,135,4
02:22,124,42,1,196,1
02:23,78,59,1,171,1
02:24,16,17,1,18,24
02:25,54,17,1,259,24
02:26,59,57,1,203,24
02:27,101,92,1,246,4
02:28,101,42,1,267,4
02:29,32,64,1,147,8
02:30,72,91,1,352,1
02:31,35,73,1,220,2
02:32,134,49,1,336,4
02:33,144,56,1,6,4
02:34,135,20,1,336,4
02:35,131,68,1,138,2
02:36,41,72,1,317,1
02:37,24,18,1,102,2
02:38,20,97,1,119,1
02:39,14,9,1,109,24
02:40,88,47,1,18,4
02:41,80,3,1,211,2
02:42,79,15,1,84,1
02:43,40,22,1,226,2
02:44,45,20,1,233,1
02:45,132,95,1,392,8
02:46,79,31,1,210,2
02:47,34,26,1,6,2
02:48,33,32,1,97,8
02:49,34,65,1,306,8
02:50,75,34,1,222,2
02:51,28,28,1,38,4
02:52,17,83,1,262,2
02:53,139,68,1,191,2
02:54,39,41,1,135,8
02:55,8,17,1,95,4
02:56,8,66,1,5,2
02:57,83,10,1,43,1
02:58,10,86,1,296,8
02:59,100,61,1,382,8
03:00,103,28,1,316,1
03:01,104,4,1,260,2
03:02,38,56,1,335,4
03:03,122,1,1,144,2
03:04,116,28,1,102,1
03:05,115,70,1,22,4
03:06,16,18,1,345,8
04:00,149,88,101,41,2
04:00,75,26,34,132,8
04:00,49,47,84,354,4
04:00,76,0,43,57,4
04:00,138,15,20,245,8
04:00,112,31,16,327,4
04:00,79,97,8,314,4
04:00,4,85,5,341,4
04:00,52,57,3,113,4
04:00,146,42,1,1,4
04:00,143,25,1,288,8
04:00,99,33,1,51,2
04:00,50,14,1,240,2
04:00,102,53,1,398,1
04:00,14,68,1,227,2
04:00,124,43,1,104,8
04:00,24,6,1,10,2
04:00,72,28,1,147,8
04:00,49,37,1,297,1
04:00,79,3,1,244,4
04:00,92,35,1,230,24
04:00,107,39,1,6,2
04:00,13,78,1,205,24
04:00,33,92,1,181,8
04:00,10,42,1,159,8
04:00,122,41,1,212,4
04:00,141,27,1,174,4
04:00,112,25,1,136,2
04:00,1,16,1,355,4
04:00,108,97,1,58,4
04:00,146,27,1,296,2
04:00,86,24,1,89,2
04:00,64,91,1,14,4
04:00,61,68,1,37,4
04:00,71,64,1,9,1
04:00,106,38,1,133,4
04:00,110,34,1,319,8
04:00,134,5,1,291,2
04:00,90,90,1,108,24
04:00,48,44,1,347,24
04:00,144,83,1,49,1
04:00,138,27,1,383,2
04:00,101,90,1,128,8
04:00,108,6,1,101,1
04:00,93,72,1,226,24
04:00,79,99,1,87,2
04:00,75,47,1,50,1
04:00,82,79,1,386,1
04:00,8,92,1,31,2
04:00,3,36,1,392,4
04:00,114,64,1,285,4
04:00,42,26,1,79,24
04:00,84,26,1,276,1
04:00,141,5,1,383,24
04:00,120,30,1,224,4
04:00,119,89,1,360,8
04:00,10,69,1,160,2
04:00,1,75,1,90,4
04:00,35,19,1,71,1
04:00,133,17,1,59,2
04:00,84,4,1,238,8
04:00,24,85,1,260,24
04:00,21,12,1,335,2
04:00,52,27,1,100,24
04:00,91,15,1,171,4
04:00,16,46,1,315,1
04:00,77,1,1,38,24
04:00,104,99,1,80,2
04:00,11,27,1,342,8
04:00,90,59,1,285,1
04:00,48,44,1,56,8
04:00,143,7,1,254,4
04:00,103,1,1,362,1
04:00,72,19,1,293,4
04:00,99,33,1,338,8
04:00,128,49,1,200,1
04:00,49,26,1,21,24
04:00,62,41,1,369,1
04:00,92,22,1,385,1
04:00,149,72,1,285,2
04:00,1,83,1,132,4
04:00,52,22,1,127,8
04:00,113,20,1,259,4
04:00,108,73,1,58,8
04:00,76,77,1,276,24
04:00,99,73,1,378,24
04:00,4,55,1,228,1
04:00,49,59,1,107,8
04:00,117,25,1,145,24
04:00,79,45,1,272,1
04:00,73,73,1,17,4
04:00,84,74,1,238,24
04:00,127,33,1,266,24
04:00,37,94,1,255,4
04:00,141,62,1,215,24
04:00,94,34,1,383,1
04:00,57,72,1,329,4
04:00,80,74,1,98,4
04:00,107,52,1,228,24
04:00,55,81,1,12,2
04:00,110,25,1,286,4
04:00,49,37,1,327,4
04:00,2,7,1,148,1
04:00,115,56,1,321,1
04:00,98,75,1,213,1
04:00,30,88,1,124,4
04:00,114,25,1,308,1
04:00,9,20,1,332,2
04:00,92,33,1,266,4
04:00,137,93,1,140,4
04:00,125,99,1,258,8
04:00,93,50,1,282,4
04:00,13,3,1,91,4
04:00,105,96,1,150,24
04:00,75,9,1,73,24
04:00,127,74,1,230,4
04:00,79,10,1,133,1
04:00,71,54,1,85,2
04:00,22,57,1,40,4
04:00,121,62,1,240,1
04:00,42,31,1,388,1
04:00,89,33,1,360,1
04:00,83,27,1,268,4
04:00,113,91,1,291,1
04:00,70,23,1,310,8
04:00,84,69,1,170,8
04:00,32,81,1,160,1
06:00,137,39,142,272,8
06:01,137,42,8,232,4
06:02,135,19,18,371,2
06:03,48,44,20,79,24
06:04,90,36,17,64,2
06:05,125,97,3,349,2
06:06,113,54,36,230,4
06:07,91,39,12,20,4
06:08,57,9,17,392,24
06:09,137,5,15,349,1
06:10,0,45,12,31,2
06:11,102,0,4,94,24
06:12,36,28,5,15,1
06:13,144,86,3,237,2
06:14,112,71,2,158,1
06:15,149,48,2,288,8
06:16,6,43,1,323,2
06:17,61,53,1,377,1
06:18,60,5,1,196,1
06:19,122,49,1,238,4
06:20,94,4,1,120,8
06:21,5,91,1,1,4
06:22,49,79,1,154,2
06:23,118,10,1,71,4
06:24,148,27,1,184,4
06:25,111,79,1,249,8
06:26,38,38,1,247,1
06:27,73,21,1,149,24
06:28,90,61,1,221,24
06:29,34,76,1,170,24
06:30,143,38,1,245,2
06:31,58,86,1,223,8
06:32,78,58,1,175,1
06:33,134,28,1,284,4
06:34,127,83,1,382,2
06:35,87,30,1,144,1
06:36,146,27,1,168,8
06:37,54,15,1,90,2
06:38,73,40,1,137,2
06:39,132,51,1,79,8
06:40,97,11,1,224,1
06:41,32,89,1,250,8
06:42,143,77,1,352,24
06:43,49,96,1,247,2
06:44,108,24,1,32,1
06:45,119,94,1,328,4
06:46,91,46,1,108,24
06:47,112,76,1,113,4
06:48,82,9,1,178,24
06:49,70,44,1,315,8
06:50,103,34,1,166,8
06:51,53,44,1,116,2
06:52,102,15,1,271,8
06:53,86,64,1,157,4
06:54,89,33,1,391,8
06:55,115,3,1,235,1
06:56,122,98,1,239,4
06:57,19,10,1,87,1
06:58,114,24,1,184,24
06:59,6,60,1,46,2
07:00,98,84,1,395,8
07:01,14,77,1,17,24
07:02,7,55,1,242,2
07:03,122,99,1,390,4
07:04,17,33,1,61,1
07:05,135,40,1,373,2
07:06,62,57,1,286,24
07:07,61,97,1,300,2
07:08,26,62,1,301,4
07:09,65,44,1,220,2
07:10,113,54,1,197,4
07:11,105,68,1,329,4
07:12,96,86,1,117,1
07:13,33,12,1,190,24
07:14,48,3,1,304,1
07:15,130,76,1,215,4
07:16,13,31,1,141,1
07:17,74,51,1,213,8
07:18,69,17,1,151,24
07:19,134,46,1,206,1
07:20,82,13,1,334,1
07:21,69,76,1,250,8
07:22,45,37,1,325,4
07:23,88,47,1,359,24
07:24,130,18,1,82,2
07:25,58,77,1,182,8
07:26,131,47,1,50,4
07:27,106,1,1,139,1
07:28,9,50,1,226,8
07:29,16,10,1,241,24
07:30,91,22,1,86,8
07:31,70,28,1,308,1
07:32,74,3,1,118,2
07:33,76,35,1,245,8
07:34,119,34,1,92,24
07:35,96,97,1,58,8
07:36,125,85,1,359,2
07:37,57,28,1,219,1
07:38,70,4,1,283,2
07:39,24,2,1,5,8
07:40,125,14,1,223,8
07:41,14,35,1,27,2
07:42,78,45,1,398,8
07:43,75,2,1,256,4
07:44,21,50,1,86,1
07:45,148,40,1,207,8
07:46,109,42,1,92,4
07:47,93,48,1,164,4
07:48,1,92,1,294,24
07:49,88,54,1,256,2
07:50,51,64,1,303,4
07:51,138,13,1,264,24
07:52,32,65,1,215,2
07:53,15,56,1,134,2
07:54,98,76,1,145,8
07:55,80,48,1,135,8
08:00,78,87,5,246,24
08:40,59,89,31,224,8
09:20,113,79,99,161,4
10:00,12,1,56,387,24
10:02,31,20,10,100,24
10:04,70,51,24,318,4
10:06,98,68,39,350,4
10:08,58,37,14,145,1
10:10,55,41,1,237,24
10:12,49,66,8,358,4
10:14,34,1,10,269,24
10:16,70,44,9,209,2
10:18,91,5,4,3,8
10:20,42,51,2,391,2
10:22,30,45,1,212,24
10:24,142,42,1,357,24
10:26,119,15,1,293,24
10:28,34,46,1,317,4
10:30,8,58,1,22,1
10:32,8,34,1,61,24
10:34,18,21,1,284,24
10:36,131,41,1,135,1
10:38,46,52,1,373,2
10:40,140,32,1,224,24
10:42,112,14,1,13,24
10:44,29,90,1,47,24
10:46,105,84,1,201,8
10:48,101,70,1,340,8
10:50,75,96,1,352,1
10:52,99,16,1,270,1
10:54,105,56,1,157,8
10:56,36,68,1,275,24
10:58,137,84,1,127,2
11:00,60,5,1,141,4
11:02,50,55,1,249,4
11:04,35,47,1,327,24
11:06,131,58,1,146,1
11:08,7,18,1,244,8
11:10,132,35,1,390,8
11:12,95,40,1,360,2
11:14,18,35,1,195,8
11:16,104,63,1,109,4
11:18,132,69,1,349,4
11:20,16,41,1,159,24
11:22,137,25,1,266,2
11:24,134,18,1,304,4
11:26,31,18,1,150,1
11:28,64,42,1,166,2
11:30,119,29,1,193,8
11:32,111,32,1,136,8
11:34,106,47,1,236,2
11:36,113,56,1,372,4
11:38,92,99,1,336,1
11:40,23,18,1,172,4
11:42,20,46,1,199,2
11:44,63,93,1,116,24
11:46,34,41,1,352,8
11:48,11,48,1,341,24
11:50,116,58,1,303,2
11:52,18,33,1,110,8
11:54,34,31,1,59,4
11:56,40,85,1,366,24
12:00,104,0,107,247,24
12:01,148,3,19,195,24
12:02,48,12,27,350,4
12:03,80,25,35,258,2
12:04,65,3,5,203,8
12:05,123,18,4,88,8
12:06,6,85,2,87,24
12:07,147,26,11,288,24
12:08,129,95,3,255,24
12:09,144,78,1,384,1
12:10,52,20,1,240,4
12:11,62,70,2,48,8
12:12,6,6,4,344,1
12:13,148,41,2,192,1
12:14,115,40,1,377,4
12:15,63,76,1,48,1
12:16,96,10,1,144,8
12:17,42,4,1,264,2
12:18,101,6,1,272,1
12:19,116,55,1,45,2
12:20,131,8,1,326,8
12:21,61,50,1,373,2
12:22,60,92,1,224,8
12:23,69,72,1,265,2
12:24,56,60,1,290,1
12:25,55,60,1,277,1
12:26,44,82,1,259,24
12:27,38,50,1,395,1
12:28,31,16,1,237,8
12:29,50,90,1,207,24
12:30,62,42,1,353,8
12:31,72,76,1,108,24
12:32,43,11,1,64,4
12:33,28,58,1,334,2
12:34,23,0,1,35,1
12:35,25,5,1,295,2
12:36,76,19,1,36,24
12:37,99,96,1,91,24
12:38,35,26,1,211,4
12:39,6,46,1,51,1
12:40,58,58,1,274,24
12:41,107,60,1,333,4
12:42,65,72,1,329,4
12:43,78,10,1,250,8
12:44,60,3,1,291,8
12:45,62,14,1,239,8
12:46,136,28,1,271,1
12:47,65,12,1,100,8
12:48,110,9,1,16,2
12:49,101,0,1,200,2
12:50,141,90,1,253,8
12:51,65,62,1,140,8
12:52,46,71,1,258,2
12:53,70,61,1,195,4
12:54,134,16,1,253,24
12:55,103,1,1,201,1
12:56,55,24,1,338,1
12:57,65,9,1,73,1
12:58,52,31,1,7,24
12:59,131,53,1,340,2
13:00,133,71,1,312,8
13:01,132,49,1,17,1
13:02,28,75,1,69,24
13:03,104,37,1,168,1
13:04,59,43,1,207,1
13:05,45,83,1,150,2
13:06,74,49,1,143,2
13:07,81,76,1,172,8
13:08,103,35,1,47,24
13:09,3,91,1,287,24
13:10,125,67,1,78,4
13:11,79,11,1,154,2
13:12,53,58,1,80,8
13:13,104,82,1,39,2
13:14,97,53,1,332,2
13:15,148,53,1,218,1
13:16,130,79,1,45,24
13:17,147,65,1,167,8
13:18,129,73,1,98,8
13:19,17,49,1,310,2
13:20,140,73,1,398,4
13:21,61,34,1,118,24
13:22,8,0,1,136,24
13:23,142,41,1,103,24
13:24,139,31,1,107,8
13:25,26,80,1,383,2
13:26,54,94,1,231,24
13:27,3,38,1,198,2
13:28,25,44,1,286,1
13:29,66,67,1,298,2
13:30,16,56,1,329,2
13:31,57,97,1,219,24
13:32,91,40,1,353,1
13:33,30,13,1,32,24
13:34,129,4,1,230,1
13:35,31,66,1,176,4
13:36,117,39,1,395,1
13:37,13,5,1,26,2
13:38,13,47,1,280,4
13:39,25,40,1,94,2
13:40,80,64,1,326,4
13:41,5,7,1,81,2
13:42,73,1,1,39,8
13:43,43,90,1,141,8
13:44,126,47,1,124,24
13:45,127,40,1,191,4
13:46,120,3,1,172,8
13:47,42,89,1,327,1
13:48,47,16,1,52,2
13:49,49,65,1,236,8
13:50,120,91,1,17,1
13:51,40,92,1,229,8
13:52,18,34,1,360,2
14:00,112,32,93,113,2
14:04,114,16,73,67,4
14:08,23,21,9,177,4
14:12,147,66,14,283,2
14:16,13,66,3,170,1
14:20,109,10,40,286,1
14:24,129,89,8,183,4
14:28,75,82,10,331,1
14:32,78,21,10,120,8
14:36,31,46,6,175,8
14:40,10,47,2,228,4
14:44,105,48,2,230,4
14:48,17,63,1,255,2
14:52,130,79,1,375,4
14:56,4,12,1,26,24
15:00,94,39,1,258,1
15:04,64,51,1,180,24
15:08,21,0,1,227,8
15:12,33,48,1,69,8
15:16,115,57,1,170,1
15:20,79,69,1,282,2
15:24,136,22,1,126,24
15:28,104,60,1,83,1
15:32,93,98,1,74,2
15:36,137,73,1,291,4
15:40,91,63,1,107,4
15:44,17,38,1,323,2
15:48,136,75,1,356,24
15:52,29,6,1,160,2
16:00,85,45,296,67,4
16:20,93,40,108,144,8
16:40,111,28,22,1,1
17:00,0,58,88,64,8
17:20,109,65,18,343,2
17:40,58,80,125,351,1
18:00,97,62,71,304,8
18:01,7,16,31,133,2
18:02,45,8,138,169,24
18:03,84,11,36,167,8
18:04,54,8,23,200,1
18:05,96,66,2,253,2
18:06,36,36,4,297,8
18:07,73,43,30,378,4
18:08,104,9,33,178,4
18:09,60,10,4,155,24
18:10,94,71,12,239,4
18:11,55,42,4,23,8
18:12,6,59,2,189,2
18:13,66,46,5,63,2
18:14,86,5,8,265,4
18:15,115,92,3,34,2
18:16,52,44,14,166,24
18:17,9,66,2,316,4
18:18,94,39,4,196,24
18:19,148,36,2,12,24
18:20,0,1,3,136,8
18:21,42,49,2,139,8
18:22,39,81,1,159,2
18:23,34,94,2,376,8
18:24,65,22,1,89,24
18:25,73,50,1,360,2
18:26,54,5,1,133,4
18:27,75,18,1,322,4
18:28,34,76,1,394,8
18:29,117,23,1,69,1
18:30,85,40,1,73,2
18:31,141,35,1,322,2
18:32,98,22,1,165,1
18:33,145,36,1,257,2
18:34,89,23,1,280,1
18:35,148,51,1,77,1
18:36,64,25,1,62,4
18:37,136,86,1,339,2
18:38,147,76,1,167,2
18:39,36,25,1,87,1
18:40,122,21,1,345,2
18:41,95,62,1,143,24
18:42,96,78,1,108,24
18:43,17,86,1,294,4
18:44,42,92,1,60,1
18:45,23,74,1,138,8
18:46,46,68,1,75,24
18:47,134,33,1,398,8
18:48,109,87,1,76,24
18:49,12,85,1,201,8
18:50,21,30,1,329,1
18:51,123,98,1,37,8
18:52,141,18,1,366,24
18:53,63,69,1,338,2
18:54,43,97,1,124,1
18:55,13,76,1,160,2
18:56,49,95,1,391,1
18:57,116,14,1,56,4
18:58,57,74,1,185,1
18:59,2,16,1,148,1
19:00,34,79,1,76,1
19:01,114,43,1,50,24
19:02,46,75,1,195,24
19:03,71,92,1,149,24
19:04,114,22,1,386,1
19:05,28,48,1,307,8
19:06,63,43,1,1,2
19:07,10,88,1,136,24
19:08,92,55,1,78,8
19:09,7,86,1,194,1
19:10,149,53,1,296,4
19:11,100,6,1,148,1
19:12,140,17,1,276,8
19:13,34,38,1,195,1
19:14,145,5,1,396,1
19:15,129,50,1,60,4
19:16,64,25,1,219,4
19:17,34,8,1,331,1
19:18,107,53,1,290,2
19:19,30,29,1,213,4
19:20,63,62,1,102,8
19:21,37,87,1,400,1
19:22,144,0,1,79,2
19:23,97,21,1,246,1
19:24,142,43,1,299,8
19:25,22,75,1,261,1
19:26,75,97,1,265,1
19:27,99,27,1,145,8
19:28,138,77,1,63,4
19:29,17,52,1,209,2
19:30,14,36,1,53,8
19:31,29,43,1,94,4
19:32,139,63,1,247,24
19:33,11,69,1,392,24
19:34,11,78,1,135,2
19:35,69,50,1,16,2
19:36,77,52,1,280,8
19:37,146,77,1,350,8
19:38,13,57,1,372,1
19:39,106,78,1,317,2
19:40,23,10,1,247,2
19:41,111,27,1,138,4
19:42,66,60,1,33,2
19:43,79,35,1,137,24
20:00,131,72,81,83,8
20:01,52,42,65,311,8
20:02,46,71,27,394,24
20:03,129,5,22,140,4
20:04,139,4,5,47,8
20:05,69,85,6,307,2
20:06,37,57,6,392,4
20:07,61,46,1,48,8
20:08,129,46,1,313,4
20:09,48,16,1,301,24
20:10,12,10,2,178,4
20:11,17,26,1,352,2
20:12,141,7,1,156,8
20:13,53,84,1,352,24
20:14,96,39,1,163,24
20:15,116,23,1,138,2
20:16,16,58,1,257,1
20:17,85,75,1,123,8
20:18,74,75,1,70,24
20:19,49,19,1,195,24
20:20,135,1,1,149,4
20:21,77,94,1,263,24
20:22,12,31,1,162,4
20:23,79,95,1,159,2
20:24,136,45,1,10,24
20:25,83,42,1,217,8
20:26,30,48,1,380,1
20:27,22,28,1,84,8
20:28,135,5,1,184,4
20:29,89,27,1,102,8
20:30,39,63,1,247,8
20:31,144,55,1,374,24
20:32,66,77,1,258,24
20:33,2,71,1,210,4
20:34,32,65,1,57,8
20:35,70,34,1,43,2
20:36,79,88,1,78,1
20:37,133,58,1,132,1
20:38,20,63,1,120,1
20:39,24,37,1,182,2
20:40,84,35,1,289,2
20:41,70,74,1,95,1
20:42,65,14,1,263,2
20:43,141,17,1,383,8
20:44,149,40,1,287,1
20:45,118,32,1,346,2
20:46,29,15,1,93,2
20:47,51,3,1,8,24
20:48,113,51,1,62,24
20:49,97,33,1,392,8
20:50,47,2,1,62,2
20:51,66,28,1,8,2
20:52,129,69,1,242,2
20:53,54,65,1,255,4
20:54,110,18,1,255,4
20:55,2,26,1,68,2
20:56,29,12,1,177,2
20:57,8,63,1,276,1
20:58,41,95,1,230,4
20:59,87,57,1,48,4
21:00,34,73,1,80,4
22:00,81,34,39,234,2
22:04,102,7,33,111,1
22:08,119,56,2,243,24
22:12,33,47,14,355,4
22:16,127,48,11,37,24
22:20,97,10,4,267,4
22:24,74,12,3,72,1
22:28,3,24,1,262,2
22:32,2,91,1,227,24
22:36,93,49,1,211,4
22:40,62,71,1,347,1
22:44,61,1,1,338,1
22:48,94,32,1,242,24
22:52,112,54,1,72,2
22:56,9,50,1,400,4
23:00,126,36,1,257,8
23:04,81,13,1,85,8
23:08,116,66,1,364,1
23:12,119,89,1,65,4
23:16,128,13,1,269,24
23:20,128,31,1,202,2
23:24,69,21,1,362,4
23:28,39,97,1,186,8
23:32,68,89,1,385,24
23:36,128,55,1,366,8
23:40,26,63,1,257,8
