00:00,139,37,47,284,8
00:04,65,48,23,206,8
00:08,111,16,5,85,24
00:12,70,29,11,161,24
00:16,139,14,2,33,4
00:20,93,50,2,225,2
00:24,89,46,4,269,2
00:28,102,42,4,350,1
00:32,29,51,2,130,1
00:36,32,25,1,109,4
00:40,33,0,1,236,1
00:44,64,73,1,214,24
00:48,23,95,1,262,4
00:52,19,36,1,224,4
00:56,117,18,1,343,24
01:00,108,67,1,397,1
01:04,127,51,1,364,8
01:08,5,80,1,149,2
01:12,19,98,1,7,24
01:16,34,24,1,35,1
01:20,145,31,1,62,1
01:24,145,34,1,134,8
01:28,14,53,1,392,8
01:32,89,57,1,129,8
01:36,10,12,1,211,1
01:40,79,34,1,11,4
01:44,71,96,1,241,2
01:48,38,48,1,384,1
01:52,58,56,1,134,8
01:56,10,25,1,94,24
02:00,39,24,80,294,2
02:01,41,49,10,311,24
02:02,55,5,44,231,4
02:03,128,17,17,112,4
02:04,39,51,3,174,24
02:05,103,64,18,272,2
02:06,107,28,14,235,4
02:07,96,59,9,201,24
02:08,9,42,4,196,8
02:09,28,89,2,165,8
02:10,73,30,1,200,2
02:11,40,17,1,202,8
02:12,96,94,1,108,2
02:13,91,64,1,328,24
02:14,129,86,1,332,1
02:15,106,41,1,182,4
02:16,23,15,1,314,24
02:17,121,42,1,257,1
02:18,140,47,1,116,1
02:19,76,76,1,41,4
02:20,26,51,1,381,2
02:21,86,52,1,115,1
02:22,137,49,1,299,8
02:23,147,31,1,199,4
02:24,134,80,1,315,1
02:25,117,71,1,83,4
02:26,89,51,1,360,2
02:27,43,76,1,326,1
02:28,18,22,1,184,2
02:29,32,24,1,277,1
02:30,86,44,1,304,4
02:31,128,43,1,10,1
02:32,96,7,1,234,24
02:33,116,71,1,192,1
02:34,35,3,1,230,24
02:35,125,49,1,248,24
02:36,60,31,1,102,8
02:37,144,10,1,119,24
02:38,72,22,1,288,1
02:39,1,95,1,118,24
02:40,72,28,1,128,2
02:41,0,69,1,384,8
02:42,149,10,1,388,8
02:43,74,30,1,360,4
02:44,124,22,1,398,1
02:45,52,7,1,369,24
02:46,43,85,1,38,2
02:47,0,8,1,387,24
02:48,74,98,1,261,2
02:49,133,3,1,381,24
02:50,82,70,1,170,8
02:51,42,25,1,301,2
02:52,98,58,1,105,8
02:53,36,55,1,10,24
02:54,78,23,1,375,24
02:55,127,74,1,203,8
02:56,30,23,1,304,24
02:57,11,75,1,397,24
02:58,58,65,1,290,8
02:59,145,76,1,304,24
03:00,100,89,1,399,2
03:01,9,21,1,218,4
03:02,119,77,1,366,2
03:03,80,16,1,275,4
03:04,2,29,1,138,1
03:05,144,58,1,200,8
03:06,78,96,1,129,4
03:07,149,96,1,25,24
03:08,0,17,1,263,8
03:09,12,51,1,27,2
03:10,9,43,1,81,8
04:00,91,86,93,383,24
04:04,121,28,105,65,2
04:08,142,19,38,50,8
04:12,83,42,33,151,8
04:16,2,37,16,294,1
04:20,11,10,7,37,24
04:24,106,64,5,90,4
04:28,73,28,2,358,2
04:32,109,91,2,17,4
04:36,51,16,2,139,24
04:40,110,78,2,335,8
04:44,114,25,1,323,2
04:48,76,43,1,223,1
04:52,37,70,1,108,24
04:56,12,46,1,204,1
05:00,14,43,1,392,8
05:04,64,71,1,229,24
05:08,33,75,1,197,4
05:12,66,9,1,240,4
05:16,48,68,1,5,8
05:20,31,72,1,92,1
05:24,45,57,1,254,2
05:28,138,10,1,342,8
05:32,112,52,1,154,1
05:36,44,93,1,21,24
05:40,108,2,1,39,4
05:44,45,92,1,16,2
05:48,108,46,1,152,1
05:52,46,53,1,18,8
06:00,69,59,91,24,8
06:00,72,19,81,167,4
06:00,18,3,37,276,24
06:00,18,71,43,268,4
06:00,147,35,10,157,1
06:00,77,13,8,196,2
06:00,5,92,11,386,2
06:00,127,27,13,44,2
06:00,131,4,7,343,2
06:00,138,49,2,257,8
06:00,104,28,1,216,4
06:00,46,97,1,3,8
06:00,108,78,2,54,4
06:00,43,62,1,192,8
06:00,98,74,1,59,4
06:00,109,65,1,256,4
06:00,100,58,1,79,1
06:00,76,59,1,129,4
06:00,93,10,1,252,2
06:00,34,17,1,151,1
06:00,122,9,1,143,24
06:00,75,15,1,9,1
06:00,28,48,1,232,24
06:00,64,13,1,338,1
06:00,100,49,1,286,24
06:00,1,93,1,224,8
06:00,0,96,1,232,4
06:00,108,41,1,24,2
06:00,144,45,1,229,2
06:00,81,66,1,336,1
06:00,26,52,1,389,8
06:00,14,10,1,99,24
06:00,100,32,1,141,8
06:00,8,62,1,33,2
06:00,115,17,1,327,24
06:00,0,56,1,60,1
06:00,36,79,1,336,8
06:00,118,14,1,396,1
06:00,42,4,1,232,4
06:00,1,62,1,108,8
06:00,53,13,1,357,2
06:00,36,5,1,91,4
06:00,130,90,1,241,4
06:00,117,64,1,316,2
06:00,141,61,1,391,24
06:00,23,77,1,134,24
06:00,43,55,1,138,2
06:00,50,63,1,85,4
06:00,36,63,1,46,2
06:00,35,13,1,119,2
06:00,82,65,1,285,24
06:00,45,11,1,208,2
06:00,108,80,1,227,2
06:00,9,50,1,182,4
06:00,52,85,1,51,2
06:00,44,83,1,101,4
06:00,75,50,1,192,2
06:00,34,92,1,125,8
06:00,118,23,1,4,2
06:00,117,95,1,399,24
06:00,67,89,1,13,2
06:00,136,17,1,388,1
06:00,123,10,1,250,24
06:00,27,12,1,118,4
06:00,22,78,1,178,8
06:00,55,29,1,68,24
06:00,131,45,1,350,1
06:00,60,63,1,179,8
06:00,111,38,1,250,4
06:00,25,38,1,392,8
06:00,54,10,1,89,8
06:00,93,21,1,14,24
06:00,6,47,1,62,1
06:00,135,64,1,230,4
06:00,123,45,1,339,4
06:00,76,10,1,18,1
06:00,75,13,1,181,4
06:00,108,25,1,313,24
06:00,56,65,1,86,2
06:00,7,61,1,54,2
06:00,20,57,1,202,4
06:00,69,13,1,9,2
06:00,62,1,1,27,24
06:00,132,14,1,309,4
06:00,71,93,1,149,24
06:00,14,74,1,64,4
06:00,82,19,1,266,4
06:00,19,2,1,326,2
06:00,35,72,1,127,2
06:00,131,48,1,326,2
06:00,39,92,1,141,24
06:00,39,66,1,132,4
06:00,78,29,1,33,4
06:00,44,25,1,341,1
06:00,49,16,1,189,2
06:00,115,63,1,166,4
06:00,146,92,1,69,24
06:00,124,18,1,85,4
06:00,13,26,1,274,2
06:00,1,78,1,182,2
06:00,131,67,1,50,4
06:00,118,6,1,192,4
06:00,133,33,1,150,2
06:00,103,76,1,302,8
06:00,29,46,1,163,4
06:00,12,21,1,14,24
06:00,13,46,1,258,4
06:00,136,6,1,181,4
06:00,78,54,1,256,8
06:00,13,90,1,121,8
06:00,108,44,1,319,24
06:00,112,89,1,309,8
06:00,58,96,1,179,2
06:00,138,42,1,393,8
06:00,85,26,1,229,8
06:00,123,90,1,199,1
06:00,98,2,1,371,4
06:00,35,99,1,215,8
06:00,8,90,1,62,24
06:00,51,34,1,20,2
06:00,80,4,1,59,8
06:00,21,77,1,317,2
06:00,20,41,1,291,2
06:00,99,86,1,293,1
06:00,43,87,1,355,4
06:00,119,6,1,52,2
06:00,141,44,1,220,1
06:00,40,59,1,19,4
06:00,106,96,1,148,2
06:00,78,39,1,307,1
06:00,32,63,1,83,4
06:00,103,98,1,343,2
06:00,32,21,1,103,1
06:00,126,0,1,358,1
06:00,17,12,1,369,8
06:00,77,93,1,378,24
06:00,124,66,1,326,24
06:00,65,58,1,67,24
06:00,70,96,1,319,8
06:00,59,15,1,245,4
06:00,140,76,1,217,2
06:00,64,15,1,182,2
06:00,88,64,1,53,24
06:00,126,78,1,321,4
06:00,85,4,1,377,4
06:00,24,12,1,325,2
06:00,107,12,1,109,8
06:00,13,71,1,182,4
06:00,109,96,1,95,2
06:00,20,73,1,59,1
08:00,4,22,18,371,8
08:05,7,0,17,269,24
08:10,18,60,11,289,4
08:15,12,37,11,252,4
08:20,59,68,18,337,8
08:25,16,71,2,174,1
08:30,3,32,24,329,8
08:35,15,84,15,368,4
08:40,129,86,2,27,24
08:45,48,77,6,399,4
08:50,60,56,2,69,4
08:55,69,40,3,220,4
09:00,93,63,1,78,8
09:05,74,83,1,130,24
09:10,136,2,1,161,4
09:15,48,51,1,22,24
09:20,31,43,1,300,2
09:25,131,78,1,377,8
09:30,99,42,1,298,4
09:35,61,34,1,160,8
09:40,86,90,1,347,4
10:00,43,92,39,233,2
10:02,1,58,67,231,24
10:04,48,64,9,363,8
10:06,20,65,25,154,4
10:08,123,31,12,87,4
10:10,44,19,1,181,8
10:12,29,37,9,39,8
10:14,66,63,4,286,2
10:16,15,75,5,66,4
10:18,75,97,2,303,1
10:20,6,63,1,93,24
10:22,68,33,1,197,1
10:24,92,24,1,123,24
10:26,93,52,1,61,2
10:28,135,80,1,322,8
10:30,97,88,1,35,4
10:32,25,7,1,249,2
10:34,120,33,1,152,2
10:36,67,43,1,29,4
10:38,45,53,1,68,24
10:40,143,54,1,382,1
10:42,69,14,1,384,8
10:44,33,8,1,111,2
10:46,101,92,1,27,2
10:48,44,88,1,137,4
10:50,99,48,1,230,1
10:52,139,66,1,104,1
10:54,123,2,1,7,8
10:56,61,44,1,140,8
10:58,73,4,1,393,24
11:00,68,46,1,122,24
11:02,112,25,1,138,2
11:04,136,87,1,57,1
11:06,8,91,1,108,8
11:08,81,31,1,213,1
11:10,11,61,1,341,4
11:12,121,67,1,320,2
11:14,114,26,1,367,8
11:16,27,7,1,91,1
11:18,106,43,1,393,24
11:20,88,53,1,289,1
11:22,3,25,1,116,1
11:24,57,8,1,365,24
11:26,143,61,1,391,8
11:28,139,82,1,287,1
11:30,118,7,1,315,24
11:32,16,21,1,267,8
11:34,85,59,1,111,1
11:36,6,42,1,154,2
11:38,148,7,1,373,24
11:40,46,45,1,215,1
11:42,117,63,1,275,4
12:00,0,10,78,383,2
12:01,34,92,17,189,8
12:02,64,45,54,341,8
12:03,17,18,13,345,24
12:04,131,95,4,387,4
12:05,76,2,23,15,8
12:06,111,62,8,3,2
12:07,25,69,5,283,8
12:08,71,90,4,184,4
12:09,125,32,2,352,24
12:10,79,65,4,36,4
12:11,50,13,2,114,8
12:12,100,33,2,357,2
12:13,121,44,1,8,1
12:14,9,44,1,320,24
12:15,53,60,1,33,8
12:16,105,0,1,2,4
12:17,124,92,1,158,8
12:18,63,58,1,219,24
12:19,100,81,1,66,2
12:20,85,79,1,385,4
12:21,14,85,1,48,1
12:22,18,64,1,261,1
12:23,121,20,1,219,24
12:24,82,42,1,305,4
12:25,80,2,1,351,1
12:26,75,97,1,286,8
12:27,18,95,1,313,1
12:28,64,72,1,238,4
12:29,81,71,1,122,2
12:30,149,28,1,100,2
12:31,61,94,1,184,4
12:32,141,64,1,23,4
12:33,59,94,1,364,8
12:34,19,74,1,307,1
12:35,72,12,1,261,24
12:36,106,89,1,135,8
12:37,144,71,1,356,2
12:38,23,25,1,328,4
12:39,115,4,1,318,2
12:40,65,23,1,140,4
12:41,31,27,1,318,1
12:42,2,10,1,240,4
12:43,47,53,1,112,4
12:44,10,43,1,163,8
12:45,47,19,1,262,1
12:46,83,53,1,88,24
12:47,62,66,1,167,2
12:48,148,54,1,376,1
12:49,17,53,1,43,4
12:50,70,8,1,206,24
12:51,18,65,1,385,4
12:52,143,57,1,73,1
12:53,131,85,1,265,2
12:54,46,51,1,318,8
12:55,107,90,1,58,4
12:56,119,37,1,83,24
12:57,100,85,1,61,8
12:58,44,12,1,261,2
12:59,4,88,1,79,1
13:00,102,67,1,51,24
13:01,134,29,1,339,1
13:02,3,36,1,225,2
13:03,45,82,1,62,1
13:04,3,64,1,246,8
13:05,85,98,1,234,2
13:06,136,79,1,30,1
13:07,110,94,1,244,8
13:08,66,21,1,312,2
13:09,111,5,1,110,4
13:10,69,71,1,345,4
13:11,97,77,1,205,1
13:12,9,4,1,279,2
13:13,3,96,1,380,24
13:14,132,44,1,95,4
13:15,86,12,1,311,1
13:16,85,44,1,240,4
13:17,35,67,1,16,24
13:18,51,96,1,46,2
13:19,20,36,1,126,1
13:20,110,4,1,399,1
13:21,72,76,1,361,1
13:22,39,88,1,177,8
13:23,119,69,1,128,2
13:24,148,39,1,83,24
13:25,5,27,1,179,24
13:26,80,32,1,199,24
13:27,51,82,1,281,1
13:28,149,92,1,87,4
13:29,104,33,1,59,2
13:30,28,65,1,29,8
13:31,72,86,1,23,8
13:32,104,55,1,153,1
13:33,92,55,1,270,2
13:34,90,5,1,239,1
13:35,45,67,1,38,1
13:36,61,37,1,54,4
13:37,132,19,1,201,1
13:38,136,81,1,265,4
13:39,148,78,1,308,24
13:40,40,51,1,298,2
14:00,8,90,27,13,4
14:01,123,69,3,4,24
14:02,6,54,17,147,4
14:03,119,30,55,179,24
14:04,20,11,49,359,24
14:05,104,53,15,300,8
14:06,67,24,6,364,8
14:07,52,3,13,187,8
14:08,39,91,29,16,2
14:09,123,57,16,309,1
14:10,16,64,8,326,8
14:11,73,39,14,228,8
14:12,120,72,6,388,2
14:13,70,98,2,242,8
14:14,22,58,2,169,4
14:15,143,87,2,311,4
14:16,127,31,1,71,24
14:17,9,13,1,307,24
14:18,54,20,1,379,2
14:19,19,3,1,90,1
14:20,26,20,1,391,1
14:21,128,63,1,250,4
14:22,58,23,1,46,1
14:23,35,72,1,103,1
14:24,145,76,1,182,24
14:25,137,77,1,203,2
14:26,13,86,1,251,8
14:27,14,50,1,83,8
14:28,15,97,1,43,8
14:29,105,48,1,206,4
14:30,137,39,1,185,8
14:31,65,45,1,177,4
14:32,133,76,1,394,1
14:33,87,65,1,182,24
14:34,123,15,1,74,2
14:35,14,11,1,183,4
14:36,53,30,1,88,4
14:37,32,98,1,328,8
14:38,70,82,1,342,4
14:39,148,1,1,59,4
14:40,84,92,1,58,1
14:41,102,39,1,121,1
14:42,86,13,1,144,1
14:43,42,63,1,400,1
14:44,68,7,1,230,2
14:45,7,57,1,239,2
14:46,38,70,1,254,2
14:47,124,11,1,252,8
14:48,82,32,1,31,1
14:49,144,62,1,94,1
14:50,110,9,1,68,8
14:51,136,14,1,228,1
14:52,57,96,1,380,4
14:53,102,37,1,156,8
14:54,53,8,1,296,8
14:55,97,56,1,348,1
14:56,116,96,1,48,2
14:57,85,65,1,61,8
14:58,29,87,1,127,1
14:59,84,8,1,123,24
15:00,14,57,1,290,8
15:01,111,90,1,86,4
15:02,143,20,1,253,4
15:03,39,81,1,132,1
15:04,104,99,1,246,2
15:05,20,17,1,173,24
15:06,115,47,1,40,1
15:07,139,28,1,366,1
15:08,0,65,1,257,4
15:09,6,3,1,295,8
15:10,16,17,1,149,4
15:11,119,3,1,44,4
15:12,99,47,1,9,1
15:13,101,90,1,375,4
15:14,116,76,1,104,8
15:15,136,59,1,324,2
15:16,139,85,1,145,2
15:17,95,98,1,68,24
15:18,118,65,1,215,2
15:19,71,9,1,315,8
15:20,67,62,1,320,1
15:21,37,91,1,67,24
15:22,0,84,1,118,8
15:23,95,58,1,358,2
15:24,92,33,1,266,8
15:25,115,37,1,119,24
15:26,72,82,1,124,8
15:27,128,90,1,202,2
15:28,126,21,1,243,24
15:29,114,34,1,72,1
15:30,84,29,1,27,8
15:31,147,79,1,252,2
15:32,132,45,1,162,2
15:33,54,81,1,216,1
15:34,100,69,1,155,1
15:35,77,37,1,17,24
15:36,88,88,1,316,24
16:00,119,77,321,317,4
16:01,85,42,68,387,8
16:02,132,13,119,196,4
16:03,47,85,42,112,8
16:04,46,3,15,295,1
16:05,36,3,34,111,8
16:06,58,69,7,334,2
16:07,9,0,13,390,24
16:08,145,42,6,214,24
16:09,54,47,2,56,1
16:10,107,77,3,73,8
16:11,70,67,4,155,24
16:12,13,54,2,230,24
16:13,149,74,1,232,8
16:14,67,18,2,98,8
16:15,4,91,2,62,1
16:16,93,71,1,277,8
16:17,69,55,1,227,8
16:18,92,48,1,67,2
16:19,59,46,1,28,8
16:20,66,2,1,343,2
16:21,118,44,1,59,4
16:22,97,21,1,331,24
16:23,121,2,1,211,24
16:24,70,26,1,255,8
16:25,148,85,1,189,2
16:26,99,49,1,67,1
16:27,81,9,1,372,24
16:28,61,3,1,79,24
16:29,92,18,1,56,1
16:30,20,84,1,43,24
16:31,100,46,1,271,1
16:32,48,66,1,39,4
16:33,116,77,1,271,24
16:34,84,1,1,53,1
16:35,41,8,1,293,2
16:36,146,65,1,346,1
16:37,102,94,1,34,8
16:38,131,15,1,369,4
16:39,129,46,1,120,1
16:40,43,40,1,120,8
16:41,12,55,1,97,4
16:42,28,61,1,112,24
16:43,68,19,1,281,4
16:44,140,77,1,161,8
16:45,80,1,1,335,4
16:46,112,34,1,276,4
16:47,33,3,1,56,2
16:48,139,16,1,7,2
16:49,111,16,1,300,8
16:50,75,76,1,61,4
16:51,0,99,1,167,4
16:52,11,59,1,267,24
16:53,46,39,1,185,4
16:54,10,48,1,396,2
16:55,124,57,1,247,8
16:56,91,21,1,46,8
16:57,29,0,1,24,4
16:58,13,83,1,210,8
16:59,73,40,1,328,8
17:00,135,46,1,240,24
17:01,53,83,1,248,2
17:02,62,58,1,289,4
17:03,34,87,1,75,2
17:04,106,8,1,4,8
17:05,94,19,1,123,4
17:06,12,45,1,170,2
17:07,28,77,1,83,24
17:08,2,70,1,345,4
17:09,12,13,1,370,1
17:10,57,55,1,108,2
17:11,128,17,1,334,4
17:12,62,53,1,49,1
17:13,112,87,1,335,24
17:14,63,48,1,138,1
17:15,61,19,1,368,2
17:16,41,20,1,13,24
17:17,85,22,1,209,2
17:18,55,84,1,68,2
17:19,80,76,1,232,8
17:20,41,55,1,206,8
17:21,1,3,1,235,24
17:22,10,33,1,12,24
17:23,102,13,1,391,4
17:24,69,72,1,132,1
17:25,86,38,1,397,24
17:26,101,52,1,114,24
17:27,129,32,1,15,2
17:28,125,2,1,162,8
17:29,137,65,1,184,4
17:30,115,2,1,215,24
17:31,18,84,1,177,8
17:32,121,29,1,23,24
17:33,67,32,1,348,1
17:34,11,56,1,348,8
17:35,87,28,1,13,2
17:36,135,11,1,101,8
17:37,32,13,1,380,1
17:38,97,79,1,67,8
17:39,149,96,1,325,2
17:40,118,84,1,333,1
17:41,100,49,1,88,1
17:42,101,12,1,172,8
17:43,0,49,1,234,2
17:44,113,86,1,368,24
17:45,101,65,1,305,1
17:46,110,79,1,281,4
17:47,47,52,1,316,24
17:48,137,21,1,302,1
17:49,140,9,1,217,8
17:50,130,67,1,314,24
18:00,59,18,35,166,24
18:02,120,93,193,307,8
18:04,75,39,41,32,2
18:06,96,35,52,393,1
18:08,16,9,52,251,1
18:10,87,20,25,186,4
18:12,28,72,2,221,4
18:14,104,98,7,8,4
18:16,137,23,3,270,8
18:18,32,79,6,219,1
18:20,135,90,6,259,24
18:22,45,77,1,206,8
18:24,49,28,1,203,1
18:26,7,71,2,344,8
18:28,3,21,1,162,1
18:30,123,21,1,322,2
18:32,74,39,1,125,24
18:34,14,43,1,38,8
18:36,70,62,1,339,1
18:38,49,41,1,274,2
18:40,85,17,1,122,2
18:42,26,40,1,339,2
18:44,121,11,1,233,4
18:46,101,72,1,285,4
18:48,66,30,1,396,2
18:50,28,18,1,356,2
18:52,18,20,1,181,4
18:54,137,99,1,324,2
18:56,137,77,1,278,24
18:58,27,18,1,154,1
19:00,80,19,1,103,8
19:02,55,46,1,233,8
19:04,7,60,1,374,1
19:06,85,82,1,198,2
19:08,25,88,1,162,2
19:10,82,31,1,252,1
19:12,77,53,1,368,24
19:14,35,26,1,153,24
19:16,49,5,1,358,1
19:18,125,36,1,351,2
19:20,76,16,1,307,8
19:22,10,64,1,307,1
19:24,4,63,1,357,24
19:26,144,92,1,289,2
19:28,121,46,1,176,8
19:30,60,72,1,375,2
19:32,12,70,1,222,8
19:34,38,89,1,213,4
20:00,134,32,84,4,4
20:05,69,65,38,181,1
20:10,65,92,37,124,8
20:15,99,2,8,187,4
20:20,23,15,23,28,24
20:25,146,35,9,215,2
20:30,75,60,7,114,4
20:35,26,39,1,279,4
20:40,3,65,2,42,24
20:45,141,15,2,394,1
20:50,61,80,1,96,2
20:55,36,68,1,245,24
21:00,117,6,1,327,8
21:05,108,81,1,341,4
21:10,142,47,1,191,4
21:15,71,59,1,357,2
21:20,139,74,1,65,8
21:25,18,87,1,391,8
21:30,26,74,1,284,2
21:35,69,37,1,213,8
21:40,134,86,1,274,1
22:00,26,61,18,98,8
22:02,21,7,35,197,8
22:04,129,33,3,27,24
22:06,10,72,16,362,8
22:08,24,67,15,272,1
22:10,143,7,7,2,2
22:12,112,41,5,11,8
22:14,32,78,1,351,1
22:16,73,8,4,300,1
22:18,66,44,1,271,24
22:20,24,51,2,217,8
22:22,31,54,1,199,1
22:24,78,20,1,291,24
22:26,102,56,1,205,4
22:28,91,31,1,112,8
22:30,56,94,1,124,1
22:32,76,53,1,88,1
22:34,73,42,1,231,1
22:36,15,74,1,187,8
22:38,53,15,1,328,8
22:40,57,35,1,394,1
22:42,52,35,1,41,2
22:44,76,76,1,204,8
22:46,62,6,1,252,2
22:48,71,35,1,11,24
22:50,94,14,1,196,8
22:52,12,47,1,356,2
22:54,79,54,1,9,24
22:56,25,29,1,170,2
22:58,95,51,1,24,8
23:00,76,19,1,260,2
23:02,45,22,1,209,24
23:04,2,72,1,394,2
23:06,114,47,1,119,1
23:08,102,29,1,156,1
23:10,103,95,1,227,4
23:12,116,43,1,124,24
23:14,5,52,1,369,2
23:16,63,66,1,239,8
23:18,127,31,1,66,2
23:20,1,32,1,319,1
23:22,52,41,1,88,4
23:24,58,44,1,316,1
23:26,56,3,1,13,4
23:28,82,44,1,150,24
23:30,118,25,1,141,4
23:32,63,88,1,69,1
23:34,132,8,1,343,4
23:36,107,80,1,98,1
23:38,120,35,1,240,4
