00:00,6,38,8,7,4
00:08,108,83,26,145,2
00:16,8,64,15,86,24
00:24,125,64,7,122,24
00:32,92,11,2,231,2
00:40,31,65,1,326,1
00:48,83,46,2,32,4
00:56,101,99,1,103,2
01:04,149,15,1,349,2
01:12,78,39,1,202,2
01:20,2,92,1,239,8
01:28,98,0,1,18,8
01:36,116,26,1,52,8
01:44,47,4,1,228,1
01:52,5,75,1,82,8
02:00,109,10,51,270,8
02:10,40,28,32,196,1
02:20,145,55,1,210,2
02:30,3,15,6,243,24
02:40,142,23,15,196,24
02:50,36,61,9,312,4
03:00,108,10,2,397,4
03:10,14,55,6,27,1
03:20,141,7,1,280,1
03:30,54,53,1,30,8
03:40,56,46,4,7,24
04:00,108,26,8,190,1
04:24,133,48,76,351,8
04:48,110,76,34,55,2
05:12,35,59,11,359,4
05:36,86,59,63,161,8
06:00,2,44,73,51,4
06:01,61,59,60,222,4
06:02,66,49,6,323,4
06:03,23,37,4,170,2
06:04,130,34,3,6,2
06:05,67,87,6,358,1
06:06,97,35,11,156,8
06:07,107,94,1,208,2
06:08,135,78,9,310,24
06:09,123,14,10,227,24
06:10,112,63,2,177,1
06:11,0,88,2,6,1
06:12,38,79,2,385,24
06:13,38,13,2,252,4
06:14,6,62,1,67,4
06:15,71,69,1,257,2
06:16,11,32,1,219,4
06:17,36,14,1,94,2
06:18,32,94,1,225,1
06:19,45,82,1,314,2
06:20,97,99,1,291,1
06:21,134,8,1,142,1
06:22,20,16,1,103,24
06:23,47,63,1,282,1
06:24,28,61,1,164,1
06:25,33,41,1,110,2
06:26,129,52,1,231,4
06:27,83,54,1,65,24
06:28,90,35,1,16,24
06:29,62,74,1,206,8
06:30,138,26,1,338,2
06:31,134,63,1,321,4
06:32,131,32,1,390,2
06:33,142,28,1,255,8
06:34,96,46,1,312,24
06:35,79,15,1,396,24
06:36,5,63,1,120,1
06:37,0,92,1,34,4
06:38,63,38,1,202,1
06:39,14,64,1,113,8
06:40,24,53,1,199,8
06:41,21,47,1,233,1
06:42,97,72,1,139,8
06:43,37,6,1,273,24
06:44,26,25,1,101,1
06:45,46,30,1,148,4
06:46,39,66,1,105,4
06:47,104,55,1,319,2
06:48,17,6,1,145,2
06:49,53,62,1,180,2
06:50,1,99,1,328,2
06:51,107,27,1,58,1
06:52,71,41,1,30,1
06:53,117,79,1,395,4
06:54,108,98,1,103,2
06:55,128,79,1,133,24
06:56,140,76,1,187,1
06:57,6,59,1,89,2
06:58,14,7,1,135,24
06:59,113,65,1,175,2
07:00,63,68,1,155,4
07:01,130,56,1,384,2
07:02,22,3,1,27,2
07:03,92,5,1,74,24
07:04,88,94,1,366,24
07:05,83,53,1,351,2
07:06,126,11,1,337,8
07:07,31,36,1,38,4
07:08,43,38,1,309,2
07:09,58,68,1,217,2
07:10,95,48,1,253,24
07:11,141,24,1,390,1
07:12,0,62,1,97,1
07:13,26,10,1,351,8
07:14,64,4,1,13,2
07:15,91,10,1,329,24
07:16,58,90,1,195,1
07:17,63,80,1,128,2
07:18,49,14,1,5,1
07:19,105,53,1,226,24
07:20,130,88,1,44,1
07:21,63,59,1,399,8
07:22,9,17,1,292,4
07:23,91,48,1,288,8
07:24,103,73,1,397,1
07:25,20,47,1,77,24
07:26,10,89,1,348,8
07:27,18,0,1,53,2
07:28,70,25,1,279,1
07:29,57,15,1,106,4
07:30,97,59,1,13,24
07:31,83,37,1,17,2
07:32,49,38,1,316,24
07:33,65,46,1,119,1
07:34,120,96,1,360,2
07:35,117,60,1,135,2
08:00,140,78,36,243,8
09:00,104,26,48,231,1
10:00,122,50,6,246,24
10:05,100,86,50,142,1
10:10,51,27,2,128,24
10:15,29,59,8,122,8
10:20,43,99,17,239,24
10:25,20,93,3,354,8
10:30,92,57,8,252,8
10:35,59,80,1,141,1
10:40,23,15,5,306,8
10:45,88,32,4,8,1
10:50,41,6,2,325,4
10:55,27,33,1,57,2
11:00,14,24,2,389,8
11:05,115,97,1,111,8
11:10,121,16,1,151,4
11:15,110,67,1,3,8
11:20,79,72,1,245,8
11:25,125,37,1,195,1
11:30,17,27,1,217,4
11:35,59,70,1,107,1
11:40,120,30,1,174,2
11:45,87,20,1,311,1
11:50,141,12,1,356,2
11:55,129,90,1,10,24
12:00,78,91,53,97,1
12:02,132,96,7,317,1
12:04,145,27,35,45,24
12:06,14,28,18,202,2
12:08,86,69,6,124,8
12:10,16,18,8,135,4
12:12,99,11,1,126,24
12:14,57,68,1,160,1
12:16,108,19,5,79,8
12:18,46,2,2,50,24
12:20,69,12,1,369,24
12:22,137,26,1,224,1
12:24,123,53,1,370,4
12:26,144,73,1,204,1
12:28,7,46,1,125,8
12:30,135,57,1,128,4
12:32,88,26,1,307,24
12:34,104,78,1,25,4
12:36,81,70,1,221,2
12:38,106,84,1,296,2
12:40,110,80,1,149,1
12:42,15,34,1,3,4
12:44,47,50,1,43,8
12:46,67,92,1,35,2
12:48,96,9,1,193,4
12:50,93,5,1,372,1
12:52,149,50,1,79,2
12:54,71,29,1,55,1
12:56,25,32,1,160,1
12:58,92,28,1,115,2
13:00,18,64,1,19,24
13:02,0,21,1,144,2
13:04,62,40,1,251,4
13:06,125,21,1,203,4
13:08,54,68,1,223,8
13:10,146,53,1,181,24
13:12,92,8,1,155,8
13:14,110,99,1,52,24
13:16,72,24,1,109,1
13:18,74,74,1,272,4
13:20,141,43,1,329,4
13:22,37,21,1,119,24
13:24,145,1,1,53,4
14:00,149,7,46,164,4
14:01,143,92,36,397,8
14:02,139,79,3,321,4
14:03,42,30,6,96,4
14:04,11,45,19,294,8
14:05,141,69,5,72,8
14:06,88,47,5,13,24
14:07,66,51,8,269,8
14:08,147,68,18,115,4
14:09,65,36,10,218,4
14:10,46,81,3,272,2
14:11,112,21,1,99,1
14:12,101,77,4,75,4
14:13,147,21,2,329,4
14:14,99,47,1,251,2
14:15,14,49,1,214,4
14:16,142,87,1,354,1
14:17,109,44,1,265,1
14:18,126,58,1,25,24
14:19,79,66,1,186,1
14:20,69,29,1,273,4
14:21,137,92,1,148,4
14:22,132,91,1,207,1
14:23,139,42,1,247,24
14:24,8,76,1,61,2
14:25,135,71,1,38,2
14:26,142,51,1,376,2
14:27,97,18,1,151,2
14:28,92,60,1,17,4
14:29,85,53,1,390,24
14:30,49,68,1,44,8
14:31,82,52,1,370,2
14:32,92,72,1,292,4
14:33,57,66,1,302,2
14:34,9,1,1,292,2
14:35,73,61,1,162,8
14:36,97,79,1,351,4
14:37,73,73,1,232,1
14:38,67,89,1,330,1
14:39,80,73,1,127,4
14:40,22,63,1,141,2
14:41,48,82,1,395,1
14:42,103,64,1,293,4
14:43,125,97,1,338,2
14:44,29,73,1,277,8
14:45,40,61,1,33,2
14:46,131,60,1,336,8
14:47,67,47,1,310,1
14:48,31,33,1,145,24
14:49,142,53,1,35,4
14:50,91,97,1,99,2
14:51,85,44,1,17,8
14:52,147,25,1,393,8
14:53,18,46,1,74,8
14:54,13,88,1,168,2
14:55,138,68,1,366,4
14:56,134,34,1,103,24
14:57,138,96,1,63,1
14:58,67,22,1,102,1
14:59,10,37,1,21,4
15:00,101,57,1,340,2
15:01,35,66,1,155,4
15:02,116,76,1,136,8
15:03,96,79,1,32,8
15:04,37,19,1,25,1
15:05,61,44,1,71,2
15:06,88,28,1,198,4
15:07,37,55,1,232,4
15:08,90,84,1,126,24
16:00,45,96,122,286,8
16:12,36,59,61,201,4
16:24,77,2,87,253,24
16:36,80,6,48,276,4
16:48,99,26,11,298,4
17:00,90,5,24,355,2
17:12,7,63,2,37,24
17:24,53,33,6,218,24
17:36,143,86,3,88,1
17:48,50,17,22,44,2
18:00,36,92,38,27,4
18:05,83,4,39,346,1
18:10,108,23,86,110,1
18:15,13,25,13,14,4
18:20,95,51,3,258,4
18:25,22,14,22,188,24
18:30,95,55,16,151,2
18:35,144,31,5,169,2
18:40,23,83,14,37,24
18:45,147,9,10,146,2
18:50,39,53,4,28,2
18:55,82,8,3,256,24
19:00,70,91,2,141,2
19:05,102,40,1,340,1
19:10,58,67,1,154,2
19:15,117,2,1,218,24
19:20,59,74,1,254,4
19:25,67,12,1,212,1
19:30,29,91,1,215,2
19:35,7,6,1,59,8
19:40,120,2,1,248,2
19:45,4,28,1,27,2
19:50,123,40,1,74,8
20:00,107,13,41,73,1
20:24,7,4,10,252,2
20:48,129,7,13,396,4
21:12,89,36,3,217,8
21:36,28,10,61,170,1
22:00,80,34,23,164,1
22:05,116,37,8,17,1
22:10,119,81,2,252,8
22:15,52,37,14,377,24
22:20,87,14,9,280,1
22:25,65,58,2,330,2
22:30,24,96,1,345,24
22:35,49,99,2,129,4
22:40,73,67,2,9,2
22:45,32,93,2,390,24
22:50,120,83,1,324,24
22:55,110,52,1,379,8
23:00,64,2,1,256,4
23:05,69,25,1,351,8
23:10,97,44,1,90,2
23:15,67,37,1,179,1
23:20,116,77,1,44,1
23:25,87,23,1,109,4
23:30,86,92,1,310,8
23:35,14,15,1,342,24
23:40,149,82,1,27,24
23:45,99,1,1,90,8
