00:00,140,28,9,304,1
00:30,114,41,45,149,24
01:00,83,9,20,107,24
01:30,24,35,30,46,24
02:00,138,36,94,95,24
02:03,40,94,17,23,2
02:06,121,23,38,338,4
02:09,1,5,6,81,24
02:12,7,20,1,258,8
02:15,136,79,11,250,2
02:18,95,86,5,115,8
02:21,108,15,11,98,4
02:24,147,94,10,268,24
02:27,114,45,7,266,1
02:30,70,16,2,343,1
02:33,69,27,1,330,1
02:36,45,30,2,114,2
02:39,143,59,2,51,8
02:42,31,26,1,393,8
02:45,37,99,1,151,4
02:48,137,11,1,67,2
02:51,103,22,1,344,24
02:54,139,98,1,390,1
02:57,55,82,1,107,2
03:00,74,43,1,120,24
03:03,3,99,1,141,24
03:06,92,52,1,311,2
03:09,68,15,1,267,2
03:12,40,50,1,51,4
03:15,143,15,1,392,1
03:18,1,22,1,112,8
03:21,46,97,1,203,1
03:24,96,78,1,217,1
03:27,3,16,1,238,4
03:30,147,85,1,344,24
03:33,78,55,1,160,1
03:36,113,62,1,351,4
04:00,43,99,75,252,1
04:02,43,0,4,77,2
04:04,62,33,12,347,4
04:06,59,25,19,353,4
04:08,132,69,46,109,2
04:10,135,43,48,344,4
04:12,32,95,36,17,24
04:14,66,76,17,11,24
04:16,131,64,23,311,8
04:18,94,53,7,229,24
04:20,18,84,8,278,2
04:22,93,99,2,6,8
04:24,137,48,5,393,4
04:26,90,33,4,246,2
04:28,56,45,1,261,4
04:30,46,48,3,154,2
04:32,139,61,1,198,2
04:34,65,51,1,292,1
04:36,13,20,1,207,2
04:38,14,75,1,19,8
04:40,98,51,1,258,24
04:42,50,83,1,197,24
04:44,100,0,1,89,8
04:46,135,30,1,216,8
04:48,121,42,1,260,2
04:50,95,74,1,220,4
04:52,4,85,1,376,8
04:54,25,36,1,279,2
04:56,99,85,1,76,1
04:58,95,43,1,36,2
05:00,32,7,1,219,2
05:02,120,2,1,224,4
05:04,64,99,1,70,24
05:06,71,38,1,348,4
05:08,106,4,1,303,2
05:10,144,93,1,94,8
05:12,143,68,1,350,4
05:14,43,57,1,31,4
05:16,29,5,1,63,8
05:18,70,25,1,14,4
05:20,109,64,1,18,24
05:22,20,83,1,44,2
05:24,78,94,1,234,1
05:26,100,97,1,30,8
05:28,86,54,1,239,4
05:30,73,13,1,174,24
06:00,69,70,104,43,8
06:02,27,28,21,251,24
06:04,108,82,2,356,2
06:06,146,81,20,77,2
06:08,135,55,21,10,1
06:10,12,10,72,330,1
06:12,141,95,21,250,24
06:14,0,51,11,236,1
06:16,84,30,7,117,4
06:18,100,70,10,366,2
06:20,143,95,3,44,2
06:22,16,64,3,31,8
06:24,137,55,4,37,2
06:26,57,11,1,105,4
06:28,73,43,7,89,24
06:30,34,11,3,179,2
06:32,31,66,2,60,24
06:34,4,71,1,61,4
06:36,75,92,1,47,2
06:38,84,41,1,372,4
06:40,149,75,1,109,4
06:42,41,56,1,98,4
06:44,85,71,1,335,2
06:46,50,51,1,141,1
06:48,74,88,1,115,1
06:50,105,24,1,109,24
06:52,70,98,1,123,4
06:54,97,79,1,285,1
06:56,115,70,1,29,24
06:58,95,97,1,29,2
07:00,27,40,1,164,2
07:02,86,62,1,131,8
07:04,119,46,1,60,24
07:06,136,36,1,341,4
07:08,8,43,1,41,2
07:10,142,33,1,16,24
07:12,83,5,1,321,24
07:14,65,57,1,5,24
07:16,148,4,1,45,24
07:18,25,1,1,86,8
07:20,50,53,1,156,2
07:22,37,74,1,381,1
07:24,139,92,1,224,1
07:26,18,28,1,54,24
07:28,74,51,1,335,4
07:30,6,43,1,304,1
07:32,16,56,1,20,1
07:34,47,10,1,400,2
07:36,141,94,1,187,24
07:38,53,78,1,366,8
07:40,45,37,1,25,8
07:42,65,91,1,198,1
07:44,26,65,1,289,8
08:00,101,13,52,163,24
08:02,122,30,25,175,2
08:04,62,5,26,66,2
08:06,47,38,10,227,4
08:08,89,23,4,172,8
08:10,49,13,8,67,2
08:12,119,39,2,84,24
08:14,113,4,1,198,1
08:16,142,46,1,359,24
08:18,19,78,2,256,1
08:20,30,65,1,29,4
08:22,129,88,1,133,4
08:24,148,92,1,367,4
08:26,59,29,1,381,4
08:28,37,62,1,200,4
08:30,52,38,1,52,1
08:32,59,43,1,277,24
08:34,124,79,1,66,24
08:36,60,17,1,346,8
08:38,37,17,1,116,4
08:40,29,43,1,27,1
08:42,23,66,1,202,1
08:44,50,72,1,388,4
08:46,101,8,1,247,1
08:48,63,66,1,274,1
08:50,112,74,1,4,1
08:52,29,0,1,103,4
08:54,44,43,1,190,4
08:56,54,40,1,26,4
08:58,27,57,1,115,4
09:00,99,41,1,181,1
09:02,31,43,1,249,24
09:04,40,19,1,342,2
09:06,2,84,1,167,2
09:08,89,26,1,94,4
09:10,86,1,1,345,1
09:12,132,63,1,53,4
09:14,25,83,1,304,8
09:16,52,11,1,20,1
09:18,5,95,1,352,8
09:20,95,58,1,265,1
09:22,23,91,1,257,2
09:24,24,96,1,374,24
09:26,19,64,1,351,2
09:28,48,15,1,387,24
09:30,140,99,1,394,8
09:32,127,8,1,39,8
09:34,56,91,1,167,2
09:36,21,98,1,291,1
09:38,44,26,1,124,2
09:40,108,70,1,360,8
09:42,118,79,1,55,8
09:44,134,89,1,108,24
09:46,149,70,1,56,1
09:48,67,56,1,137,1
09:50,83,67,1,211,2
09:52,114,11,1,93,24
10:00,95,88,56,147,8
10:04,77,63,54,172,4
10:08,118,37,15,152,1
10:12,145,74,25,182,24
10:16,66,70,5,30,8
10:20,41,38,1,63,8
10:24,83,7,8,243,8
10:28,98,78,7,182,8
10:32,74,32,2,269,1
10:36,49,3,2,88,2
10:40,132,68,1,387,2
10:44,135,70,1,63,2
10:48,60,39,1,31,8
10:52,113,41,1,383,8
10:56,7,88,1,20,1
11:00,2,5,1,174,24
11:04,52,76,1,75,24
11:08,0,61,1,29,8
11:12,120,27,1,76,8
11:16,76,5,1,334,1
11:20,122,49,1,390,4
11:24,8,42,1,43,24
11:28,148,72,1,11,2
11:32,70,27,1,176,2
11:36,126,56,1,337,4
11:40,144,47,1,156,24
11:44,97,25,1,275,2
11:48,103,64,1,196,2
11:52,44,97,1,237,8
11:56,48,69,1,96,8
12:00,38,5,69,229,8
12:02,107,52,77,223,2
12:04,127,38,8,216,8
12:06,68,89,22,23,4
12:08,9,21,21,358,2
12:10,29,50,11,196,24
12:12,116,43,4,325,24
12:14,140,85,5,106,2
12:16,19,66,1,330,24
12:18,9,50,2,54,2
12:20,103,23,1,146,2
12:22,73,61,1,121,4
12:24,22,27,1,194,1
12:26,64,25,1,280,8
12:28,36,87,1,370,8
12:30,140,9,1,360,2
12:32,13,77,1,308,24
12:34,46,71,1,54,4
12:36,72,88,1,91,4
12:38,126,2,1,238,1
12:40,88,18,1,175,8
12:42,48,7,1,212,2
12:44,16,35,1,13,8
12:46,70,48,1,348,24
12:48,14,24,1,53,24
12:50,74,32,1,18,24
12:52,132,41,1,138,4
12:54,53,24,1,339,1
12:56,142,24,1,389,8
12:58,53,33,1,289,2
13:00,117,63,1,162,1
13:02,137,96,1,179,24
13:04,22,14,1,193,24
13:06,138,72,1,227,8
13:08,80,19,1,375,8
13:10,79,52,1,318,4
13:12,115,76,1,331,2
13:14,49,98,1,376,1
13:16,78,60,1,282,4
13:18,80,89,1,213,1
13:20,25,15,1,83,24
13:22,124,52,1,225,4
13:24,19,61,1,139,8
13:26,128,61,1,265,4
13:28,125,47,1,9,8
13:30,141,59,1,32,24
13:32,79,54,1,11,2
13:34,63,84,1,171,1
13:36,102,70,1,48,8
13:38,57,24,1,53,4
13:40,82,84,1,140,24
13:42,82,56,1,395,2
13:44,60,16,1,376,4
13:46,40,28,1,241,1
13:48,48,80,1,303,4
13:50,82,96,1,332,8
13:52,51,95,1,2,8
13:54,83,27,1,342,8
14:00,122,58,71,124,2
14:03,93,9,36,373,1
14:06,43,75,30,20,2
14:09,65,85,43,262,4
14:12,121,66,4,123,1
14:15,10,47,35,263,8
14:18,100,99,12,235,4
14:21,66,53,4,24,1
14:24,113,2,17,99,8
14:27,53,23,2,375,8
14:30,71,14,1,95,2
14:33,26,26,1,280,24
14:36,118,3,3,258,8
14:39,75,63,4,206,24
14:42,112,23,3,182,8
14:45,24,52,2,95,24
14:48,32,0,1,380,8
14:51,35,1,1,9,24
14:54,85,73,1,121,2
14:57,138,15,1,118,4
15:00,19,54,1,397,4
15:03,96,92,1,138,2
15:06,13,65,1,225,24
15:09,17,42,1,48,24
15:12,88,18,1,289,8
15:15,38,83,1,260,8
15:18,37,56,1,92,4
15:21,81,26,1,280,1
15:24,43,72,1,69,4
15:27,13,87,1,178,24
15:30,59,73,1,293,2
15:33,59,10,1,188,1
15:36,47,25,1,39,2
15:39,41,65,1,148,8
15:42,33,39,1,90,8
15:45,138,57,1,26,4
15:48,109,43,1,258,1
15:51,67,93,1,213,8
15:54,49,30,1,280,4
15:57,57,75,1,77,24
16:00,78,29,304,50,24
16:07,81,70,2,104,8
16:14,147,14,154,36,8
16:21,47,8,63,110,1
16:28,56,8,30,186,4
16:35,41,22,2,191,8
16:42,115,43,37,21,1
16:49,82,89,9,382,8
16:56,99,62,4,66,24
17:03,103,87,12,303,4
17:10,142,23,11,279,1
17:17,28,73,1,152,1
17:24,124,33,3,323,24
17:31,106,9,6,170,1
17:38,74,35,3,295,24
17:45,143,84,7,368,1
18:00,79,46,145,112,24
18:00,39,27,17,307,4
18:00,35,7,59,217,1
18:00,87,23,12,262,4
18:00,6,42,31,365,2
18:00,5,4,5,77,1
18:00,106,5,23,122,8
18:00,149,89,42,393,8
18:00,18,11,20,164,24
18:00,45,17,8,55,4
18:00,96,38,30,311,4
18:00,83,10,17,204,24
18:00,119,81,1,54,1
18:00,29,33,8,167,2
18:00,91,18,5,143,8
18:00,89,82,4,7,24
18:00,30,16,2,207,4
18:00,18,53,1,355,8
18:00,38,89,1,191,1
18:00,42,82,1,287,1
18:00,35,78,1,352,8
18:00,114,39,1,289,1
18:00,82,78,1,119,2
18:00,3,38,1,36,24
18:00,67,41,1,249,2
18:00,63,2,1,329,24
18:00,127,99,1,160,8
18:00,124,21,1,147,24
18:00,81,90,1,170,8
18:00,37,86,1,380,4
18:00,18,89,1,153,1
18:00,73,3,1,206,2
18:00,13,98,1,341,24
18:00,9,0,1,11,1
18:00,4,93,1,326,8
18:00,69,51,1,358,2
18:00,127,38,1,298,24
18:00,17,43,1,39,2
18:00,7,3,1,277,1
18:00,139,65,1,331,8
18:00,60,24,1,92,2
18:00,18,66,1,369,4
18:00,25,14,1,185,1
18:00,82,99,1,270,1
18:00,61,20,1,10,24
18:00,123,35,1,154,24
18:00,38,25,1,162,24
18:00,47,68,1,65,1
18:00,21,60,1,7,24
18:00,64,26,1,20,2
18:00,113,30,1,258,1
18:00,47,63,1,213,24
18:00,100,88,1,338,2
18:00,62,89,1,398,1
18:00,89,18,1,280,1
18:00,73,63,1,346,4
18:00,12,6,1,316,4
18:00,130,80,1,154,24
18:00,148,66,1,232,8
18:00,4,83,1,162,8
18:00,9,85,1,344,4
18:00,103,46,1,250,1
18:00,38,71,1,96,24
18:00,102,79,1,286,2
18:00,131,81,1,246,24
18:00,82,1,1,142,24
18:00,9,38,1,115,24
18:00,80,4,1,334,8
18:00,142,44,1,54,1
18:00,9,45,1,70,4
18:00,52,92,1,369,1
18:00,138,79,1,275,2
18:00,83,33,1,282,8
18:00,105,37,1,165,1
18:00,82,85,1,283,1
18:00,2,14,1,128,24
18:00,85,25,1,115,24
18:00,77,75,1,363,2
18:00,133,16,1,387,1
18:00,51,40,1,19,2
18:00,76,32,1,242,8
18:00,93,11,1,249,1
18:00,53,4,1,105,2
18:00,7,40,1,384,24
18:00,149,75,1,344,24
18:00,38,59,1,176,2
18:00,118,36,1,31,8
18:00,102,9,1,262,4
18:00,71,35,1,101,4
18:00,120,84,1,33,4
18:00,129,15,1,245,4
18:00,8,50,1,22,4
18:00,112,98,1,347,8
18:00,81,99,1,237,24
18:00,119,67,1,380,1
18:00,135,75,1,130,1
18:00,114,65,1,300,4
18:00,65,60,1,165,1
18:00,38,61,1,357,4
18:00,148,90,1,75,2
18:00,24,27,1,326,1
18:00,60,32,1,283,24
18:00,94,50,1,306,4
18:00,82,2,1,129,24
18:00,137,60,1,269,8
18:00,30,81,1,206,8
18:00,107,46,1,131,8
18:00,68,5,1,150,1
18:00,17,82,1,113,8
18:00,53,40,1,65,1
18:00,44,80,1,41,8
18:00,112,57,1,138,24
18:00,129,52,1,306,24
18:00,96,66,1,163,8
18:00,106,63,1,246,24
18:00,29,22,1,303,24
18:00,98,38,1,99,1
18:00,103,11,1,311,8
18:00,37,14,1,282,2
18:00,62,53,1,54,2
18:00,78,34,1,67,8
18:00,107,41,1,285,8
18:00,87,60,1,279,2
18:00,28,3,1,399,2
18:00,140,32,1,372,24
18:00,112,40,1,293,1
18:00,59,95,1,284,24
18:00,142,73,1,44,4
18:00,93,50,1,166,24
18:00,19,3,1,34,2
18:00,37,12,1,364,1
18:00,135,20,1,349,1
18:00,55,24,1,12,2
18:00,12,96,1,228,2
18:00,67,60,1,232,24
18:00,78,42,1,260,1
18:00,122,71,1,85,4
18:00,29,91,1,316,8
18:00,118,16,1,271,4
18:00,86,86,1,273,4
18:00,41,93,1,164,1
18:00,44,91,1,347,2
18:00,75,1,1,4,24
18:00,52,27,1,262,4
18:00,95,26,1,232,2
18:00,149,53,1,83,24
18:00,124,60,1,24,4
18:00,5,53,1,308,4
18:00,64,15,1,99,2
18:00,32,4,1,323,1
18:00,11,37,1,379,2
18:00,48,69,1,91,4
18:00,149,34,1,5,8
18:00,83,11,1,397,1
18:00,120,90,1,78,24
18:00,21,48,1,29,24
18:00,143,55,1,81,8
18:00,119,63,1,339,1
18:00,92,73,1,386,8
18:00,1,11,1,362,2
18:00,38,4,1,6,2
18:00,18,23,1,68,2
18:00,10,9,1,249,1
18:00,95,72,1,260,4
18:00,54,33,1,7,24
18:00,89,66,1,195,24
18:00,137,8,1,227,8
18:00,4,10,1,140,24
18:00,88,35,1,323,1
18:00,96,93,1,79,2
18:00,130,11,1,49,4
18:00,30,64,1,2,1
18:00,73,60,1,332,4
18:00,124,50,1,363,8
18:00,22,99,1,357,2
18:00,115,62,1,327,2
18:00,92,20,1,210,4
18:00,25,98,1,295,8
18:00,55,45,1,351,1
18:00,27,9,1,302,4
18:00,111,41,1,104,24
18:00,129,97,1,164,1
18:00,55,57,1,32,4
18:00,98,34,1,245,24
18:00,117,71,1,349,4
18:00,122,86,1,291,24
18:00,12,54,1,122,8
18:00,27,62,1,48,4
18:00,103,67,1,371,1
18:00,28,59,1,229,24
18:00,83,19,1,364,24
18:00,118,3,1,158,1
18:00,80,95,1,315,2
18:00,137,48,1,155,1
18:00,53,71,1,90,4
18:00,123,52,1,144,24
18:00,1,23,1,6,4
20:00,133,19,61,271,8
20:10,102,81,30,185,1
20:20,17,88,18,245,4
20:30,148,82,39,123,1
20:40,60,12,22,393,2
20:50,27,43,10,117,1
21:00,67,15,17,32,24
21:10,140,41,7,168,8
21:20,68,67,3,303,2
21:30,134,16,2,261,24
21:40,32,65,7,172,1
22:00,102,19,15,194,2
22:02,127,76,24,57,24
22:04,5,5,15,259,8
22:06,21,92,11,21,2
22:08,80,57,22,119,8
22:10,102,25,5,149,8
22:12,109,22,1,391,4
22:14,2,36,4,203,8
22:16,106,15,5,60,4
22:18,49,5,4,304,1
22:20,143,0,2,128,1
22:22,15,98,1,39,24
22:24,147,34,1,382,8
22:26,129,57,1,75,1
22:28,74,79,1,131,4
22:30,22,14,1,256,24
22:32,50,82,1,259,8
22:34,46,85,1,140,2
22:36,92,8,1,232,4
22:38,31,12,1,218,4
22:40,58,2,1,285,4
22:42,79,63,1,56,8
22:44,118,89,1,67,1
22:46,115,34,1,377,8
22:48,138,18,1,95,2
22:50,125,34,1,196,2
22:52,38,25,1,9,8
22:54,9,96,1,67,8
22:56,65,70,1,255,4
22:58,145,6,1,373,1
23:00,66,51,1,272,8
23:02,7,67,1,93,4
23:04,14,7,1,130,1
23:06,48,7,1,321,24
23:08,9,91,1,332,2
23:10,71,53,1,363,8
23:12,26,56,1,28,1
23:14,21,96,1,75,24
23:16,28,58,1,99,8
23:18,147,99,1,147,4
23:20,68,40,1,324,8
23:22,87,44,1,282,4
23:24,133,50,1,233,4
23:26,24,76,1,186,4
23:28,81,17,1,94,1
23:30,40,38,1,82,24
23:32,14,7,1,323,4
23:34,82,28,1,228,1
23:36,23,40,1,366,2
