00:00,9,53,20,23,4
00:17,70,68,11,281,1
00:34,111,75,5,376,4
00:51,73,40,2,224,4
01:08,17,33,1,159,2
01:25,29,81,2,319,4
01:42,37,81,4,250,4
02:00,23,34,21,215,2
02:03,145,85,17,17,1
02:06,63,5,9,210,8
02:09,129,61,7,42,8
02:12,33,49,17,40,4
02:15,73,66,2,149,1
02:18,18,77,4,108,1
02:21,129,6,6,46,2
02:24,4,2,1,118,1
02:27,2,2,2,142,8
02:30,47,65,1,288,2
02:33,123,35,1,385,2
02:36,64,59,1,272,4
02:39,107,54,1,227,8
02:42,30,13,1,13,1
02:45,144,96,1,63,1
02:48,10,46,1,136,2
02:51,101,34,1,175,8
02:54,58,79,1,271,4
02:57,51,33,1,178,8
03:00,10,74,1,369,8
03:03,73,12,1,251,24
03:06,113,95,1,52,1
03:09,113,73,1,287,2
03:12,127,24,1,271,2
03:15,64,88,1,59,24
03:18,97,9,1,193,2
03:21,109,60,1,220,4
03:24,96,69,1,312,4
03:27,56,95,1,261,2
03:30,1,39,1,90,8
03:33,68,26,1,13,1
04:00,39,22,49,335,8
04:03,50,57,8,135,1
04:06,43,82,29,230,4
04:09,41,71,4,185,8
04:12,59,50,22,333,8
04:15,120,80,2,84,4
04:18,22,78,5,162,8
04:21,142,74,4,272,24
04:24,128,90,5,34,4
04:27,96,64,2,387,4
04:30,37,0,1,225,4
04:33,131,65,1,56,8
04:36,50,75,1,371,4
04:39,131,13,1,350,24
04:42,125,66,1,309,2
04:45,26,3,1,290,4
04:48,34,10,1,163,24
04:51,73,32,1,194,2
04:54,6,95,1,213,1
04:57,146,34,1,199,24
05:00,53,45,1,374,4
05:03,102,28,1,383,2
05:06,26,30,1,374,8
05:09,90,38,1,75,24
05:12,122,12,1,137,1
05:15,100,44,1,129,24
05:18,13,15,1,151,8
05:21,147,27,1,394,4
05:24,50,33,1,138,1
05:27,49,42,1,53,4
05:30,69,53,1,291,24
05:33,17,26,1,179,24
05:36,139,24,1,325,1
06:00,101,87,7,343,4
06:02,53,83,32,146,8
06:04,28,52,21,87,24
06:06,45,25,2,276,24
06:08,10,62,1,189,1
06:10,39,58,1,299,8
06:12,135,96,10,388,8
06:14,118,79,3,192,24
06:16,58,13,3,68,2
06:18,137,79,10,160,2
06:20,16,34,9,350,1
06:22,52,63,12,187,1
06:24,149,10,9,323,24
06:26,82,96,1,129,2
06:28,20,56,4,45,4
06:30,52,20,5,352,1
06:32,75,85,3,231,2
06:34,111,53,1,31,8
06:36,109,58,1,359,24
06:38,28,98,1,112,8
06:40,21,14,1,102,4
06:42,105,49,1,289,4
06:44,56,81,1,245,4
06:46,128,3,1,365,4
06:48,90,0,1,116,8
06:50,137,91,1,133,24
06:52,10,72,1,279,2
06:54,87,86,1,209,1
06:56,36,36,1,20,4
06:58,8,72,1,88,1
07:00,98,37,1,199,2
07:02,53,97,1,298,4
07:04,123,22,1,272,8
07:06,26,26,1,342,1
07:08,67,32,1,196,4
07:10,123,25,1,340,1
07:12,90,99,1,168,24
07:14,128,13,1,172,2
07:16,21,23,1,298,2
07:18,81,27,1,237,2
07:20,23,56,1,104,24
07:22,35,2,1,55,24
08:00,109,86,5,386,1
08:04,146,11,13,251,1
08:08,7,86,10,84,2
08:12,51,92,11,162,1
08:16,123,95,9,283,24
08:20,116,2,2,52,4
08:24,58,38,5,117,2
08:28,83,35,2,298,4
08:32,27,47,2,182,2
08:36,83,1,1,255,2
08:40,97,45,1,177,8
08:44,2,32,1,173,4
08:48,24,19,1,171,4
08:52,34,27,1,336,4
08:56,16,53,1,67,24
09:00,84,92,1,252,24
09:04,77,44,1,238,8
09:08,129,3,1,232,1
09:12,127,98,1,22,24
09:16,15,27,1,269,2
09:20,16,60,1,358,24
09:24,117,39,1,58,1
09:28,55,15,1,320,24
09:32,39,73,1,178,8
09:36,84,92,1,375,4
09:40,131,6,1,125,4
09:44,144,72,1,4,4
09:48,102,84,1,323,1
09:52,10,77,1,357,1
09:56,58,42,1,84,4
10:00,97,15,14,186,8
10:03,17,24,5,396,1
10:06,111,44,15,310,24
10:09,23,80,6,315,8
10:12,41,77,6,9,2
10:15,95,35,12,66,1
10:18,17,51,4,170,2
10:21,0,78,9,278,24
10:24,93,94,3,176,1
10:27,53,18,4,312,4
10:30,111,90,2,244,4
10:33,87,78,1,318,8
10:36,46,96,1,43,1
10:39,128,44,1,295,24
10:42,28,30,1,116,8
10:45,127,49,1,125,8
10:48,27,16,1,103,24
10:51,64,31,1,329,1
10:54,25,45,1,350,24
10:57,2,11,1,216,4
11:00,5,3,1,359,8
11:03,103,94,1,90,4
11:06,87,14,1,37,2
11:09,102,53,1,132,1
11:12,105,58,1,303,2
11:15,137,17,1,366,2
11:18,132,0,1,191,24
11:21,56,15,1,37,4
11:24,139,78,1,211,4
11:27,36,84,1,26,4
11:30,35,12,1,288,8
11:33,80,79,1,130,24
11:36,78,87,1,43,2
11:39,146,3,1,196,24
12:00,35,30,35,353,4
12:20,60,56,15,365,1
12:40,50,36,6,337,2
13:00,18,61,17,315,4
13:20,27,39,13,297,2
13:40,70,85,16,366,2
14:00,139,82,48,164,8
14:03,63,82,33,342,24
14:06,73,66,6,1,24
14:09,85,4,8,314,24
14:12,107,39,5,389,4
14:15,110,7,10,378,8
14:18,143,66,6,174,4
14:21,138,15,4,284,8
14:24,85,80,2,61,8
14:27,144,17,1,285,2
14:30,44,64,1,176,1
14:33,125,18,1,170,4
14:36,73,3,1,282,2
14:39,98,98,1,353,8
14:42,5,46,1,19,1
14:45,49,86,1,142,1
14:48,60,30,1,268,4
14:51,33,71,1,340,1
14:54,139,94,1,70,24
14:57,135,71,1,150,8
15:00,12,84,1,296,8
15:03,107,67,1,285,4
15:06,115,99,1,189,1
15:09,12,0,1,102,8
15:12,52,32,1,51,1
15:15,137,66,1,96,4
15:18,15,24,1,189,2
15:21,135,31,1,66,1
15:24,110,68,1,258,1
15:27,6,29,1,131,2
15:30,85,62,1,93,24
15:33,17,24,1,16,2
15:36,82,61,1,107,8
15:39,126,1,1,106,8
15:42,25,33,1,96,4
15:45,123,30,1,246,4
16:00,103,98,94,384,2
16:02,84,77,29,320,24
16:04,63,91,67,343,4
16:06,115,7,4,220,2
16:08,109,86,7,108,24
16:10,67,61,5,237,4
16:12,66,81,8,206,2
16:14,144,31,1,372,24
16:16,36,3,3,330,24
16:18,87,55,1,309,2
16:20,59,95,11,7,4
16:22,142,83,4,84,24
16:24,72,70,10,314,8
16:26,118,31,11,217,8
16:28,55,29,2,229,8
16:30,43,69,1,266,24
16:32,57,96,2,168,8
16:34,32,97,1,195,2
16:36,71,96,1,30,1
16:38,33,78,2,278,1
16:40,14,10,1,211,1
16:42,23,22,1,94,2
16:44,93,70,1,61,8
16:46,74,84,1,177,24
16:48,18,24,1,56,8
16:50,14,30,1,117,2
16:52,71,46,1,164,8
16:54,40,52,1,328,1
16:56,22,0,1,104,4
16:58,91,47,1,186,4
17:00,121,79,1,142,4
17:02,128,42,1,383,8
17:04,49,30,1,165,24
17:06,28,73,1,222,4
17:08,110,92,1,366,24
17:10,50,50,1,101,1
17:12,109,72,1,384,8
17:14,17,2,1,258,4
17:16,95,71,1,372,24
17:18,132,74,1,251,4
17:20,38,61,1,170,2
17:22,63,55,1,263,2
17:24,47,33,1,258,24
17:26,13,68,1,371,24
17:28,65,29,1,291,2
18:00,110,63,5,148,8
18:02,139,3,86,259,4
18:04,107,70,19,206,1
18:06,119,64,31,311,1
18:08,10,38,10,375,1
18:10,70,15,7,236,1
18:12,58,13,8,87,8
18:14,62,48,1,152,24
18:16,100,20,3,4,8
18:18,13,48,3,255,8
18:20,94,45,2,262,1
18:22,143,11,1,71,1
18:24,91,79,1,252,1
18:26,41,8,1,212,2
18:28,88,32,1,263,4
18:30,78,11,1,214,2
18:32,122,49,1,132,1
18:34,139,84,1,325,2
18:36,36,13,1,69,24
18:38,68,60,1,13,4
18:40,39,73,1,257,4
18:42,26,10,1,254,24
18:44,65,63,1,98,24
18:46,80,45,1,140,24
18:48,82,6,1,102,2
18:50,132,44,1,255,1
18:52,63,0,1,94,24
18:54,130,76,1,372,24
18:56,62,52,1,130,2
18:58,78,90,1,123,1
19:00,96,49,1,27,8
19:02,54,95,1,120,2
19:04,68,21,1,199,1
19:06,73,74,1,82,8
19:08,111,66,1,121,4
19:10,137,58,1,119,24
19:12,16,41,1,150,1
19:14,121,93,1,181,8
19:16,105,10,1,249,24
19:18,47,46,1,130,2
19:20,39,98,1,336,24
19:22,9,91,1,21,1
19:24,48,93,1,396,8
19:26,77,76,1,331,2
19:28,43,24,1,357,24
19:30,27,38,1,227,2
19:32,108,23,1,324,8
19:34,142,21,1,386,4
19:36,21,32,1,184,8
19:38,91,15,1,97,8
19:40,81,87,1,129,8
19:42,43,43,1,234,8
19:44,52,8,1,56,1
20:00,59,21,3,1,2
20:03,96,59,33,86,24
20:06,26,76,8,343,4
20:09,127,11,18,117,1
20:12,5,31,3,216,1
20:15,124,27,10,58,24
20:18,146,33,4,253,2
20:21,132,54,3,209,1
20:24,134,8,2,189,1
20:27,88,29,1,215,24
20:30,111,45,1,175,1
20:33,110,37,1,54,4
20:36,66,60,1,279,2
20:39,55,22,1,296,2
20:42,144,68,1,6,4
20:45,56,83,1,218,4
20:48,27,56,1,171,1
20:51,53,70,1,261,2
20:54,85,73,1,280,1
20:57,114,90,1,212,1
21:00,10,65,1,83,8
21:03,125,34,1,151,4
21:06,46,35,1,71,2
21:09,58,16,1,68,2
21:12,112,84,1,48,24
21:15,108,96,1,225,2
21:18,30,98,1,291,4
21:21,15,11,1,300,2
21:24,130,39,1,339,24
21:27,42,56,1,147,8
21:30,66,98,1,317,2
21:33,26,38,1,92,24
22:00,70,7,15,29,2
22:08,4,65,14,242,24
22:16,74,48,5,134,4
22:24,61,21,5,370,1
22:32,18,79,2,363,24
22:40,103,30,1,222,24
22:48,67,58,2,329,1
22:56,31,42,1,62,1
23:04,2,54,1,277,1
23:12,22,38,1,234,24
23:20,64,72,1,27,8
23:28,74,19,1,127,8
23:36,50,99,1,343,24
23:44,54,86,1,274,4
