00:00,46,67,7,77,8
00:15,107,66,28,76,8
00:30,130,7,4,298,2
00:45,138,42,3,39,1
01:00,3,11,13,66,8
01:15,15,39,1,25,2
01:30,17,56,5,60,2
01:45,90,65,10,137,1
02:00,50,84,13,57,8
02:02,146,57,16,175,8
02:04,134,19,14,153,2
02:06,15,85,33,148,2
02:08,87,63,13,35,24
02:10,16,89,11,78,4
02:12,28,52,21,171,8
02:14,55,77,6,273,24
02:16,6,9,6,248,2
02:18,48,9,2,150,2
02:20,50,84,2,344,2
02:22,7,24,2,354,24
02:24,132,27,1,186,8
02:26,43,85,1,156,4
02:28,129,23,1,389,8
02:30,121,50,1,18,4
02:32,46,12,1,271,24
02:34,40,29,1,170,24
02:36,39,50,1,392,1
02:38,44,30,1,198,2
02:40,126,43,1,259,24
02:42,104,62,1,365,2
02:44,49,33,1,393,2
02:46,46,88,1,279,1
02:48,145,58,1,133,8
02:50,130,93,1,194,24
02:52,88,56,1,70,24
02:54,51,28,1,145,2
02:56,83,49,1,337,24
02:58,139,75,1,232,8
03:00,1,52,1,268,24
03:02,92,72,1,49,4
03:04,143,98,1,20,2
03:06,127,40,1,57,8
03:08,24,47,1,216,24
03:10,140,44,1,147,24
03:12,94,66,1,124,1
03:14,11,27,1,132,1
03:16,88,4,1,167,4
03:18,0,9,1,326,24
03:20,102,57,1,20,8
03:22,105,75,1,310,4
03:24,24,1,1,181,8
03:26,11,64,1,198,1
03:28,124,21,1,60,8
03:30,37,54,1,155,24
03:32,127,56,1,304,8
03:34,15,35,1,160,2
03:36,23,70,1,318,1
03:38,60,61,1,49,4
03:40,70,48,1,213,2
03:42,87,74,1,400,24
03:44,145,54,1,344,1
03:46,96,17,1,340,4
03:48,19,92,1,128,4
03:50,126,51,1,213,2
03:52,67,81,1,168,8
04:00,3,4,87,172,1
04:06,22,53,15,86,1
04:12,122,85,44,282,8
04:18,38,74,3,222,1
04:24,87,91,1,360,1
04:30,144,83,20,152,4
04:36,84,87,21,257,8
04:42,139,37,8,356,1
04:48,83,44,5,90,24
04:54,126,86,1,105,2
05:00,131,25,2,262,24
05:06,28,16,3,66,4
05:12,109,41,1,337,24
05:18,15,65,1,34,1
05:24,22,18,1,216,24
05:30,56,63,1,212,1
05:36,67,70,1,25,1
05:42,112,98,1,362,2
06:00,102,93,61,207,4
06:01,17,69,18,215,1
06:02,44,14,38,79,8
06:03,118,78,3,144,8
06:04,70,62,46,47,1
06:05,98,67,20,390,2
06:06,18,48,14,123,1
06:07,77,43,6,255,8
06:08,136,56,2,2,1
06:09,31,61,1,334,8
06:10,103,34,1,378,24
06:11,33,96,1,4,2
06:12,118,80,1,389,4
06:13,60,48,1,158,1
06:14,98,61,1,21,8
06:15,142,14,1,361,24
06:16,129,96,1,5,8
06:17,93,33,1,281,2
06:18,31,6,1,184,4
06:19,97,89,1,293,24
06:20,114,22,1,231,1
06:21,119,60,1,20,2
06:22,83,54,1,221,24
06:23,51,95,1,166,1
06:24,46,49,1,362,1
06:25,138,21,1,108,4
06:26,138,95,1,385,2
06:27,71,99,1,60,4
06:28,11,68,1,73,1
06:29,117,1,1,222,2
06:30,146,57,1,79,1
06:31,17,23,1,306,4
06:32,5,74,1,274,8
06:33,117,81,1,167,1
06:34,97,35,1,54,2
06:35,69,52,1,165,1
06:36,118,91,1,18,4
06:37,148,95,1,53,24
06:38,37,11,1,370,2
06:39,89,83,1,83,2
06:40,88,68,1,182,8
06:41,137,55,1,339,24
06:42,144,1,1,321,8
06:43,132,65,1,57,4
06:44,72,42,1,42,4
06:45,49,90,1,383,24
06:46,13,99,1,238,2
06:47,2,86,1,323,8
06:48,101,2,1,124,8
06:49,63,38,1,118,2
06:50,60,17,1,344,2
06:51,45,44,1,30,4
06:52,49,49,1,281,24
06:53,148,3,1,133,8
06:54,59,46,1,91,4
06:55,134,72,1,392,24
06:56,57,28,1,238,1
06:57,114,58,1,217,24
06:58,97,84,1,181,1
06:59,98,31,1,62,2
07:00,68,20,1,39,2
07:01,92,5,1,239,4
07:02,13,27,1,337,2
07:03,7,78,1,44,1
07:04,79,43,1,227,4
07:05,89,36,1,229,4
07:06,64,76,1,222,8
07:07,104,58,1,111,24
07:08,117,8,1,285,1
07:09,8,32,1,86,24
07:10,105,58,1,249,4
07:11,95,67,1,213,2
07:12,74,54,1,258,1
07:13,6,23,1,96,8
07:14,148,88,1,125,1
07:15,84,83,1,91,2
07:16,29,40,1,289,8
07:17,9,17,1,240,24
07:18,124,35,1,233,24
07:19,30,63,1,285,24
07:20,99,13,1,101,1
07:21,142,63,1,243,24
07:22,120,17,1,9,24
07:23,17,32,1,89,1
07:24,94,61,1,316,8
07:25,102,15,1,119,2
07:26,98,31,1,26,4
07:27,5,87,1,123,1
07:28,10,16,1,323,1
07:29,13,61,1,279,8
07:30,47,77,1,298,4
07:31,90,20,1,81,1
07:32,91,53,1,167,8
07:33,116,82,1,353,8
07:34,62,97,1,165,2
07:35,118,86,1,343,1
07:36,41,8,1,388,1
07:37,147,52,1,227,2
07:38,2,59,1,8,2
07:39,94,60,1,154,4
07:40,123,18,1,40,1
07:41,20,99,1,24,8
07:42,143,97,1,320,2
07:43,72,36,1,41,8
07:44,0,8,1,96,2
08:00,21,21,20,365,4
08:17,18,32,28,292,2
08:34,68,96,13,232,2
08:51,73,26,1,270,2
09:08,24,66,13,182,2
09:25,79,66,7,182,24
09:42,8,82,13,323,8
10:00,25,2,55,25,2
10:06,33,15,17,93,2
10:12,87,1,23,313,1
10:18,94,9,14,346,2
10:24,2,6,2,251,8
10:30,6,72,6,170,4
10:36,33,50,2,349,4
10:42,46,94,3,164,4
10:48,137,62,1,313,4
10:54,77,73,1,221,2
11:00,134,6,1,318,4
11:06,96,88,1,104,24
11:12,33,63,1,274,2
11:18,7,18,1,271,24
11:24,147,8,1,194,4
11:30,124,58,1,147,1
11:36,37,97,1,2,2
11:42,80,11,1,76,2
12:00,6,54,75,45,4
12:01,20,33,27,90,8
12:02,81,65,28,107,4
12:03,144,31,7,248,2
12:04,47,96,3,81,1
12:05,106,73,1,366,8
12:06,136,69,7,189,4
12:07,112,62,3,195,1
12:08,66,93,2,82,1
12:09,29,13,2,347,1
12:10,14,20,1,323,1
12:11,14,77,1,330,1
12:12,114,2,1,192,4
12:13,10,94,1,198,24
12:14,140,82,1,129,2
12:15,43,1,1,318,1
12:16,139,22,1,133,8
12:17,10,0,1,305,2
12:18,28,65,1,31,4
12:19,31,70,1,244,8
12:20,95,43,1,100,4
12:21,103,36,1,225,24
12:22,139,91,1,225,24
12:23,50,91,1,339,1
12:24,3,40,1,211,4
12:25,116,32,1,252,1
12:26,1,89,1,397,4
12:27,37,71,1,223,24
12:28,120,32,1,198,4
12:29,93,67,1,198,2
12:30,37,50,1,136,2
12:31,113,88,1,156,2
12:32,87,58,1,81,4
12:33,58,68,1,132,2
12:34,63,62,1,310,24
12:35,138,39,1,17,4
12:36,77,61,1,91,2
12:37,58,34,1,204,1
12:38,76,68,1,317,4
12:39,86,84,1,49,1
12:40,53,96,1,73,8
12:41,78,72,1,178,24
12:42,60,69,1,193,8
12:43,90,65,1,339,2
12:44,71,46,1,398,2
12:45,122,55,1,124,4
12:46,56,79,1,297,4
12:47,23,75,1,58,8
12:48,147,61,1,320,24
12:49,18,14,1,382,4
12:50,118,22,1,215,8
12:51,145,14,1,252,8
12:52,52,19,1,341,4
12:53,59,12,1,157,2
12:54,133,31,1,115,1
12:55,129,92,1,110,2
12:56,28,83,1,400,1
12:57,103,29,1,255,8
12:58,51,12,1,352,1
12:59,41,54,1,116,1
13:00,107,35,1,184,8
13:01,125,62,1,264,1
13:02,103,66,1,116,24
13:03,137,73,1,325,4
13:04,72,72,1,33,2
13:05,18,56,1,269,4
13:06,63,57,1,115,2
13:07,94,53,1,213,2
13:08,103,67,1,96,4
13:09,145,28,1,228,8
13:10,104,6,1,51,1
13:11,101,20,1,280,1
13:12,139,97,1,106,4
13:13,123,72,1,353,8
14:00,46,13,84,258,2
14:01,136,38,39,176,24
14:02,55,76,34,90,8
14:03,96,12,4,337,2
14:04,10,46,6,184,8
14:05,68,3,8,26,24
14:06,117,63,3,57,1
14:07,145,79,5,175,1
14:08,121,80,4,91,4
14:09,108,8,2,33,2
14:10,58,18,1,305,2
14:11,46,87,1,183,24
14:12,94,31,1,202,1
14:13,136,85,1,236,4
14:14,72,26,1,67,1
14:15,6,94,1,212,4
14:16,7,33,1,291,8
14:17,23,66,1,57,4
14:18,15,94,1,215,24
14:19,82,51,1,138,1
14:20,100,73,1,143,8
14:21,13,17,1,41,4
14:22,22,28,1,385,24
14:23,81,90,1,30,8
14:24,2,51,1,197,8
14:25,6,34,1,194,8
14:26,87,88,1,312,4
14:27,97,15,1,373,8
14:28,85,76,1,42,2
14:29,134,70,1,393,24
14:30,73,21,1,303,1
14:31,117,33,1,149,2
14:32,97,58,1,370,24
14:33,55,59,1,3,2
14:34,36,22,1,93,24
14:35,60,80,1,49,8
14:36,35,33,1,114,4
14:37,37,14,1,116,24
14:38,118,60,1,245,8
14:39,75,16,1,384,2
14:40,89,98,1,335,2
14:41,130,18,1,209,24
14:42,92,50,1,77,4
14:43,21,28,1,102,8
14:44,132,70,1,31,1
14:45,104,99,1,177,8
14:46,139,71,1,394,4
14:47,147,51,1,392,2
14:48,25,50,1,247,2
14:49,107,7,1,119,24
14:50,81,0,1,177,1
14:51,0,67,1,139,24
14:52,73,19,1,91,1
14:53,73,98,1,280,24
14:54,11,80,1,23,4
14:55,59,70,1,101,4
14:56,137,67,1,112,1
14:57,10,10,1,107,24
14:58,80,38,1,129,24
14:59,29,23,1,313,4
15:00,88,18,1,379,2
15:01,8,38,1,211,1
15:02,23,88,1,163,8
15:03,53,92,1,46,4
15:04,72,33,1,162,8
15:05,65,27,1,325,2
15:06,113,27,1,356,1
15:07,42,38,1,312,4
15:08,88,69,1,73,4
15:09,108,65,1,151,24
15:10,89,27,1,167,2
15:11,1,86,1,139,24
15:12,124,40,1,54,2
15:13,129,81,1,366,2
15:14,21,70,1,243,8
15:15,67,13,1,398,8
15:16,138,14,1,109,1
15:17,21,9,1,335,24
16:00,82,0,81,378,1
16:00,143,37,86,145,4
16:00,122,82,27,94,8
16:00,26,96,46,238,1
16:00,113,42,72,129,8
16:00,101,42,55,193,1
16:00,14,25,30,310,4
16:00,0,83,8,339,1
16:00,56,43,11,66,24
16:00,106,5,7,118,24
16:00,47,95,3,70,8
16:00,115,65,3,228,24
16:00,122,19,1,268,8
16:00,72,77,2,361,24
16:00,62,18,1,270,1
16:00,128,81,1,357,8
16:00,117,57,1,310,2
16:00,134,42,1,267,1
16:00,69,0,1,68,2
16:00,56,64,1,42,8
16:00,58,43,1,147,8
16:00,58,58,1,295,8
16:00,121,70,1,192,24
16:00,129,3,1,247,8
16:00,75,36,1,364,1
16:00,12,48,1,117,2
16:00,46,16,1,396,2
16:00,6,99,1,178,2
16:00,58,79,1,344,8
16:00,107,78,1,224,2
16:00,98,15,1,15,1
16:00,44,98,1,214,2
16:00,140,77,1,1,2
16:00,103,25,1,16,1
16:00,25,37,1,68,8
16:00,70,37,1,124,8
16:00,28,73,1,80,4
16:00,120,71,1,237,4
16:00,39,93,1,147,8
16:00,33,52,1,235,24
16:00,64,50,1,78,8
16:00,19,99,1,242,4
16:00,74,51,1,181,2
16:00,70,1,1,31,1
16:00,130,26,1,179,8
16:00,102,87,1,246,8
16:00,35,9,1,99,4
16:00,128,64,1,271,4
16:00,9,54,1,217,4
16:00,51,76,1,67,8
16:00,6,45,1,263,24
16:00,143,98,1,68,1
16:00,149,75,1,232,4
16:00,109,24,1,147,1
16:00,137,65,1,121,8
16:00,47,14,1,168,8
16:00,103,89,1,378,1
16:00,130,46,1,381,24
16:00,113,41,1,146,2
16:00,62,18,1,227,1
16:00,116,46,1,104,4
16:00,72,96,1,187,24
16:00,141,31,1,395,24
16:00,47,33,1,126,1
16:00,147,51,1,395,8
16:00,88,80,1,327,24
16:00,143,22,1,301,1
16:00,105,0,1,83,2
16:00,39,9,1,59,24
16:00,148,33,1,72,24
16:00,106,9,1,242,24
16:00,1,67,1,267,2
16:00,124,72,1,66,2
16:00,96,65,1,200,4
16:00,14,40,1,66,1
16:00,39,64,1,270,4
16:00,25,22,1,201,2
16:00,95,46,1,224,24
16:00,133,65,1,22,1
16:00,8,79,1,229,4
16:00,126,80,1,264,4
16:00,141,7,1,217,2
16:00,149,43,1,151,2
16:00,93,78,1,266,1
16:00,87,51,1,202,8
16:00,10,31,1,316,8
16:00,136,97,1,158,4
16:00,42,78,1,374,2
16:00,144,71,1,230,1
16:00,85,89,1,146,4
16:00,34,84,1,133,1
16:00,108,62,1,112,2
16:00,51,54,1,69,24
16:00,38,95,1,180,2
16:00,60,7,1,116,4
16:00,127,58,1,212,4
16:00,139,5,1,337,1
16:00,86,79,1,75,8
16:00,86,73,1,228,1
16:00,86,17,1,296,1
16:00,142,93,1,147,24
16:00,49,0,1,64,8
16:00,56,90,1,30,24
16:00,80,92,1,312,2
16:00,93,75,1,68,2
16:00,81,61,1,347,1
16:00,28,91,1,187,2
16:00,93,57,1,26,2
16:00,123,27,1,220,4
16:00,45,85,1,167,8
16:00,6,42,1,101,4
16:00,94,40,1,89,4
16:00,57,39,1,5,8
16:00,83,67,1,124,1
16:00,51,87,1,100,1
16:00,2,83,1,398,8
16:00,74,80,1,104,8
16:00,121,42,1,146,2
16:00,123,59,1,337,24
16:00,127,43,1,321,1
16:00,85,54,1,302,1
16:00,103,77,1,52,24
16:00,33,67,1,21,1
16:00,102,75,1,395,1
16:00,133,8,1,287,8
16:00,66,8,1,9,1
16:00,8,1,1,345,24
16:00,12,19,1,294,1
16:00,4,45,1,213,8
16:00,10,55,1,268,24
16:00,22,44,1,215,8
16:00,107,98,1,218,24
16:00,87,35,1,392,8
16:00,49,5,1,84,4
16:00,111,28,1,375,24
16:00,12,41,1,225,4
16:00,105,98,1,131,2
16:00,120,49,1,124,8
16:00,122,95,1,210,1
16:00,110,94,1,323,24
16:00,11,81,1,317,24
16:00,14,70,1,251,2
16:00,12,32,1,305,2
16:00,101,30,1,42,24
16:00,70,3,1,319,24
16:00,91,84,1,395,2
16:00,97,27,1,141,1
16:00,116,61,1,286,1
16:00,66,34,1,388,4
16:00,137,55,1,278,4
16:00,32,69,1,256,2
16:00,114,20,1,233,2
16:00,48,11,1,243,1
16:00,14,6,1,275,4
16:00,113,47,1,178,24
16:00,141,74,1,99,24
16:00,101,46,1,374,24
16:00,138,97,1,284,1
16:00,70,99,1,284,2
16:00,98,97,1,165,8
16:00,12,9,1,69,8
16:00,138,72,1,378,1
16:00,23,61,1,295,1
16:00,130,24,1,377,1
16:00,146,37,1,379,24
16:00,127,10,1,310,24
16:00,124,42,1,45,1
16:00,111,60,1,200,1
16:00,48,15,1,238,24
16:00,123,27,1,137,1
16:00,80,40,1,101,1
16:00,104,89,1,122,2
16:00,111,56,1,74,8
16:00,132,96,1,284,4
16:00,101,87,1,234,2
16:00,140,93,1,312,2
16:00,136,44,1,390,1
16:00,76,25,1,72,2
16:00,61,24,1,276,8
16:00,81,92,1,188,8
16:00,47,85,1,204,4
16:00,39,1,1,150,24
16:00,100,52,1,316,8
16:00,16,59,1,334,8
16:00,69,48,1,37,8
16:00,30,40,1,223,24
16:00,142,13,1,236,2
16:00,21,37,1,280,4
16:00,87,10,1,282,1
16:00,96,59,1,43,4
16:00,20,58,1,28,24
16:00,113,40,1,50,4
18:00,58,98,16,66,1
18:01,104,76,13,44,24
18:02,17,80,61,261,1
18:03,23,53,49,347,24
18:04,98,71,57,252,1
18:05,149,5,13,32,2
18:06,42,97,17,7,1
18:07,25,94,31,64,24
18:08,75,84,15,253,4
18:09,102,24,5,125,1
18:10,94,94,5,106,4
18:11,31,51,1,2,1
18:12,90,30,2,109,1
18:13,141,0,2,53,2
18:14,85,78,1,231,1
18:15,132,57,1,257,8
18:16,26,41,1,374,2
18:17,106,87,1,213,2
18:18,127,17,1,297,4
18:19,149,92,1,208,8
18:20,91,84,1,303,24
18:21,139,63,1,212,1
18:22,106,92,1,220,24
18:23,76,21,1,246,24
18:24,17,66,1,135,24
18:25,109,4,1,127,1
18:26,43,10,1,236,2
18:27,8,71,1,30,4
18:28,66,36,1,138,8
18:29,61,71,1,19,24
18:30,101,65,1,214,8
18:31,47,48,1,309,24
18:32,33,4,1,183,24
18:33,120,34,1,13,1
18:34,148,9,1,296,2
18:35,105,73,1,169,8
18:36,118,25,1,185,24
18:37,11,41,1,10,8
18:38,119,72,1,109,1
18:39,29,34,1,278,1
18:40,135,5,1,126,2
18:41,66,10,1,263,24
18:42,145,30,1,21,24
18:43,103,94,1,266,2
18:44,81,90,1,386,24
18:45,12,56,1,65,24
18:46,133,1,1,170,8
18:47,104,40,1,337,8
18:48,148,32,1,371,2
18:49,136,26,1,117,4
18:50,128,2,1,58,8
18:51,145,90,1,345,2
18:52,28,15,1,382,8
18:53,48,25,1,16,1
18:54,58,17,1,323,8
18:55,119,85,1,15,8
18:56,81,22,1,128,8
18:57,109,41,1,63,2
18:58,133,60,1,385,24
18:59,61,14,1,79,4
19:00,41,61,1,246,2
19:01,11,83,1,143,4
19:02,34,31,1,162,2
19:03,37,49,1,326,24
20:00,117,6,38,256,24
20:12,10,17,19,221,2
20:24,36,9,20,386,8
20:36,117,47,2,224,4
20:48,142,10,27,305,2
21:00,91,4,10,46,24
21:12,62,8,8,63,1
21:24,11,99,2,317,4
21:36,109,59,6,268,8
21:48,53,2,12,337,8
22:00,110,94,29,158,4
22:03,68,97,8,198,2
22:06,28,53,10,270,8
22:09,121,55,14,288,1
22:12,61,7,5,93,2
22:15,23,18,4,59,8
22:18,40,29,1,216,1
22:21,37,30,1,204,2
22:24,142,74,1,25,4
22:27,84,43,1,331,8
22:30,35,18,1,64,4
22:33,7,22,1,296,1
22:36,109,6,1,1,8
22:39,51,59,1,34,2
22:42,81,47,1,397,8
22:45,14,42,1,142,2
22:48,98,36,1,313,4
22:51,22,12,1,307,8
22:54,52,83,1,255,8
22:57,6,88,1,60,8
23:00,146,42,1,397,24
23:03,124,38,1,329,4
23:06,83,99,1,388,24
23:09,12,36,1,110,4
23:12,143,81,1,234,8
23:15,123,88,1,146,4
23:18,113,9,1,233,2
23:21,4,75,1,289,4
23:24,141,2,1,207,1
23:27,25,50,1,107,4
23:30,73,89,1,364,2
