00:00,86,56,5,240,8
00:06,99,34,2,355,2
00:12,115,42,11,339,8
00:18,89,56,6,345,2
00:24,89,40,5,157,2
00:30,72,21,1,333,2
00:36,81,73,2,335,4
00:42,113,60,1,35,8
00:48,5,13,1,164,24
00:54,120,32,1,360,4
01:00,111,15,1,168,4
01:06,9,16,1,242,8
01:12,74,28,1,12,4
01:18,111,99,1,106,2
01:24,96,66,1,289,1
01:30,90,24,1,205,24
01:36,48,10,1,352,24
01:42,22,57,1,332,4
01:48,83,74,1,163,8
02:00,14,22,11,116,1
02:40,128,85,4,321,8
03:20,10,84,54,1,8
04:00,70,18,24,240,8
04:05,109,31,26,366,1
04:10,24,47,10,1,2
04:15,15,96,3,288,4
04:20,110,56,15,369,24
04:25,136,83,6,261,24
04:30,122,66,6,185,4
04:35,95,62,4,386,4
04:40,40,7,3,95,8
04:45,51,9,1,307,1
04:50,90,47,3,200,2
04:55,7,24,1,173,1
05:00,51,23,1,382,8
05:05,120,84,1,86,2
05:10,148,93,1,183,24
05:15,82,26,1,145,24
05:20,135,34,1,18,2
05:25,8,53,1,258,24
05:30,29,76,1,111,8
05:35,52,66,1,324,4
05:40,77,89,1,255,24
05:45,34,20,1,83,8
05:50,113,14,1,59,1
06:00,77,48,32,354,4
06:08,36,64,5,255,8
06:16,67,43,6,228,4
06:24,52,12,6,32,24
06:32,147,6,20,239,1
06:40,127,87,14,122,8
06:48,120,19,5,182,4
06:56,143,58,5,16,24
07:04,142,76,4,22,2
07:12,75,52,3,26,8
07:20,109,48,2,5,4
07:28,101,58,1,92,24
07:36,40,38,1,107,8
07:44,64,66,1,242,4
08:00,8,59,8,390,1
08:40,8,39,14,372,24
09:20,139,97,27,377,8
10:00,75,7,24,235,1
10:04,39,71,7,346,4
10:08,109,33,1,214,2
10:12,127,97,10,15,24
10:16,133,68,1,43,1
10:20,71,19,5,8,1
10:24,21,56,1,394,2
10:28,87,25,4,275,4
10:32,55,21,1,143,4
10:36,73,14,1,13,4
10:40,38,9,3,305,4
10:44,38,50,1,383,4
10:48,85,98,3,375,1
10:52,9,14,2,176,1
10:56,132,44,1,163,1
11:00,86,31,1,339,4
11:04,40,78,1,264,8
11:08,118,36,1,119,1
11:12,74,53,1,182,1
11:16,87,48,1,115,8
11:20,141,28,1,6,2
11:24,112,36,1,99,4
11:28,112,44,1,20,8
11:32,141,5,1,7,4
11:36,14,4,1,276,2
11:40,101,62,1,242,1
11:44,137,98,1,10,8
11:48,23,71,1,123,1
11:52,6,35,1,368,4
12:00,146,46,41,318,2
12:03,118,46,8,304,24
12:06,78,91,9,247,1
12:09,104,36,4,250,24
12:12,52,3,4,167,24
12:15,83,17,2,377,8
12:18,88,23,5,364,1
12:21,147,68,4,87,24
12:24,98,94,2,152,8
12:27,100,42,1,314,24
12:30,58,37,1,213,8
12:33,103,99,1,178,24
12:36,147,25,1,23,2
12:39,25,70,1,357,24
12:42,81,40,1,28,2
12:45,32,70,1,321,8
12:48,60,14,1,46,2
12:51,48,29,1,250,4
12:54,57,77,1,156,4
12:57,71,46,1,186,2
13:00,122,21,1,246,24
13:03,144,56,1,188,1
13:06,80,54,1,357,4
13:09,130,5,1,112,24
13:12,68,85,1,353,2
13:15,5,81,1,154,8
13:18,104,7,1,313,8
13:21,34,40,1,258,2
13:24,127,68,1,175,8
13:27,45,3,1,149,24
13:30,6,81,1,377,4
13:33,33,36,1,35,2
14:00,28,35,10,272,8
14:05,57,89,6,275,4
14:10,95,53,36,67,2
14:15,91,0,9,184,2
14:20,94,86,13,371,4
14:25,47,56,10,38,4
14:30,97,84,4,247,2
14:35,36,10,3,235,1
14:40,97,37,4,177,24
14:45,107,95,1,234,2
14:50,99,95,2,63,8
14:55,136,69,1,132,1
15:00,11,24,1,374,24
15:05,71,6,1,74,8
15:10,60,43,1,269,2
15:15,85,85,1,286,8
15:20,133,62,1,284,1
15:25,63,67,1,257,2
15:30,31,20,1,63,4
15:35,104,49,1,122,1
15:40,16,91,1,54,24
15:45,125,86,1,306,2
15:50,16,41,1,134,8
16:00,148,62,42,61,24
16:02,74,6,52,254,4
16:04,138,61,11,290,4
16:06,0,50,36,58,1
16:08,22,87,4,262,8
16:10,60,13,4,185,1
16:12,69,86,14,355,4
16:14,111,66,11,369,1
16:16,59,69,6,57,8
16:18,130,36,7,227,2
16:20,107,50,3,124,2
16:22,42,6,4,391,4
16:24,35,80,3,130,2
16:26,18,95,2,344,24
16:28,7,65,1,207,24
16:30,138,30,1,198,1
16:32,49,3,1,87,1
16:34,47,61,1,97,24
16:36,132,8,1,235,24
16:38,78,27,1,56,4
16:40,12,69,1,203,8
16:42,149,23,1,396,1
16:44,68,46,1,251,1
16:46,57,20,1,197,1
16:48,83,90,1,102,4
16:50,39,29,1,190,1
16:52,92,54,1,22,2
16:54,10,18,1,260,4
16:56,133,5,1,109,4
16:58,25,93,1,11,8
17:00,95,31,1,95,4
17:02,50,42,1,153,8
17:04,45,66,1,326,4
17:06,63,47,1,120,1
17:08,70,98,1,220,4
17:10,134,48,1,265,1
17:12,6,91,1,309,8
17:14,113,81,1,252,1
17:16,97,34,1,355,24
17:18,107,63,1,185,8
17:20,15,67,1,111,24
17:22,93,31,1,26,1
17:24,138,58,1,343,2
18:00,23,4,56,360,1
18:04,14,13,20,283,2
18:08,116,39,25,365,2
18:12,90,52,9,291,2
18:16,11,45,2,321,2
18:20,19,21,8,53,8
18:24,106,57,3,172,24
18:28,43,96,3,385,24
18:32,55,7,3,291,2
18:36,140,11,2,182,24
18:40,78,72,1,111,1
18:44,30,11,1,129,2
18:48,144,69,1,373,8
18:52,130,51,1,378,2
18:56,85,29,1,77,4
19:00,72,7,1,383,24
19:04,43,16,1,314,1
19:08,118,46,1,116,8
19:12,23,31,1,309,1
19:16,65,45,1,166,8
19:20,143,69,1,154,2
19:24,138,17,1,322,1
19:28,27,17,1,107,2
19:32,89,22,1,282,2
19:36,113,38,1,348,4
19:40,28,15,1,135,2
19:44,33,60,1,37,1
19:48,7,52,1,354,2
20:00,34,44,3,23,2
20:07,141,23,9,392,1
20:14,51,63,25,336,1
20:21,49,24,6,347,2
20:28,87,51,9,69,2
20:35,148,94,6,321,1
20:42,40,69,1,375,8
20:49,108,4,4,4,4
20:56,149,78,1,355,8
21:03,58,16,1,136,1
21:10,138,12,1,193,24
21:17,15,48,1,400,24
21:24,0,44,1,20,8
21:31,82,90,1,139,8
21:38,69,79,1,242,1
21:45,141,1,1,350,2
22:00,94,15,12,142,2
22:08,143,16,10,209,4
22:16,143,66,3,326,8
22:24,23,7,4,28,24
22:32,89,36,1,169,1
22:40,48,58,1,279,24
22:48,138,77,1,33,1
22:56,66,2,1,376,8
23:04,19,59,1,221,4
23:12,124,72,1,314,8
23:20,117,32,1,162,2
23:28,135,25,1,200,2
23:36,111,72,1,284,2
23:44,149,96,1,103,2
