00:00,140,58,30,58,8
00:10,91,24,12,147,24
00:20,4,35,5,234,2
00:30,85,68,9,396,2
00:40,1,99,9,367,24
00:50,18,8,1,296,2
01:00,6,6,3,125,4
01:10,0,69,2,175,8
01:20,24,9,1,304,2
01:30,25,48,1,139,2
01:40,110,26,1,235,4
01:50,17,25,1,327,4
02:00,33,67,11,85,4
02:02,118,30,11,171,4
02:04,43,19,61,195,8
02:06,66,26,6,158,8
02:08,50,92,18,394,24
02:10,96,48,5,159,2
02:12,43,18,8,305,4
02:14,92,33,9,216,24
02:16,75,83,5,30,4
02:18,45,15,7,57,4
02:20,7,22,3,291,8
02:22,58,58,2,43,8
02:24,50,74,1,181,4
02:26,7,36,1,204,2
02:28,105,59,1,34,2
02:30,61,12,1,96,24
02:32,94,34,1,345,8
02:34,136,35,1,285,4
02:36,35,45,1,191,2
02:38,63,73,1,360,1
02:40,105,18,1,61,4
02:42,119,85,1,111,8
02:44,122,56,1,290,1
02:46,38,17,1,288,8
02:48,117,25,1,143,1
02:50,73,1,1,96,1
02:52,18,67,1,121,2
02:54,58,99,1,85,1
02:56,35,16,1,10,8
02:58,71,1,1,139,24
03:00,105,73,1,96,24
03:02,77,67,1,355,2
03:04,91,10,1,380,4
03:06,86,37,1,352,1
03:08,80,32,1,20,2
03:10,132,2,1,312,4
03:12,95,14,1,338,1
03:14,140,84,1,89,24
03:16,111,85,1,84,2
03:18,135,13,1,161,2
03:20,145,84,1,394,2
03:22,108,43,1,373,2
03:24,56,17,1,26,8
03:26,94,26,1,75,2
03:28,144,90,1,79,2
03:30,77,4,1,95,8
03:32,51,29,1,166,4
03:34,12,88,1,306,2
03:36,88,40,1,240,1
03:38,93,36,1,343,24
03:40,68,22,1,194,4
03:42,63,57,1,36,1
03:44,18,15,1,8,8
03:46,39,51,1,327,8
04:00,19,5,111,362,4
04:01,128,97,18,62,24
04:02,84,71,35,78,8
04:03,9,23,29,227,1
04:04,24,41,6,191,24
04:05,139,89,10,122,4
04:06,139,70,4,276,4
04:07,56,24,2,146,2
04:08,0,33,2,317,2
04:09,68,7,2,5,24
04:10,97,77,1,301,4
04:11,130,34,1,126,1
04:12,86,88,1,57,2
04:13,31,15,1,240,4
04:14,101,37,1,88,2
04:15,142,47,1,305,2
04:16,98,96,1,107,1
04:17,35,90,1,167,24
04:18,1,34,1,91,2
04:19,58,11,1,283,24
04:20,6,74,1,20,8
04:21,81,24,1,106,4
04:22,104,37,1,165,1
04:23,38,88,1,295,2
04:24,31,94,1,161,2
04:25,121,51,1,295,1
04:26,57,95,1,321,4
04:27,72,69,1,100,24
04:28,54,10,1,64,8
04:29,122,40,1,330,8
04:30,58,29,1,349,8
04:31,31,50,1,189,8
04:32,36,83,1,205,1
04:33,78,28,1,353,1
04:34,120,36,1,150,24
04:35,92,53,1,1,24
04:36,141,9,1,85,24
04:37,142,72,1,121,24
04:38,2,13,1,297,1
04:39,82,25,1,267,1
04:40,130,14,1,245,8
04:41,105,56,1,158,8
04:42,101,18,1,34,4
04:43,99,34,1,90,1
04:44,116,54,1,11,2
04:45,138,50,1,333,8
04:46,52,34,1,399,1
04:47,117,66,1,25,2
04:48,133,11,1,131,4
04:49,46,3,1,4,4
04:50,104,35,1,29,4
04:51,43,17,1,23,4
04:52,56,49,1,266,1
04:53,32,40,1,304,1
04:54,115,15,1,377,24
04:55,116,56,1,112,8
04:56,8,82,1,333,8
04:57,31,94,1,173,1
04:58,121,6,1,255,8
04:59,68,61,1,304,8
05:00,126,34,1,346,8
05:01,86,98,1,152,4
06:00,16,19,33,138,8
06:07,17,23,8,277,2
06:14,87,84,34,255,2
06:21,84,67,52,48,2
06:28,67,49,11,234,1
06:35,3,49,13,243,24
06:42,40,74,29,309,24
06:49,66,23,4,195,24
06:56,143,9,17,61,2
07:03,94,22,3,308,2
07:10,20,60,9,199,4
07:17,120,0,1,64,8
07:24,42,41,3,335,2
07:31,137,24,1,291,2
07:38,24,22,2,363,4
07:45,68,21,1,50,24
07:52,68,27,2,135,4
08:00,1,52,20,166,2
08:04,123,74,27,38,8
08:08,106,80,14,283,1
08:12,116,72,13,237,2
08:16,138,99,11,315,24
08:20,62,45,4,110,1
08:24,33,49,3,380,2
08:28,142,33,2,390,24
08:32,81,28,1,306,4
08:36,124,50,1,135,8
08:40,93,71,1,250,24
08:44,119,63,1,174,24
08:48,81,69,1,58,4
08:52,140,24,1,348,8
08:56,45,78,1,109,24
09:00,36,30,1,279,24
09:04,85,86,1,245,8
09:08,6,14,1,345,1
09:12,8,4,1,211,8
09:16,113,40,1,129,2
09:20,137,2,1,34,1
09:24,117,29,1,192,1
09:28,85,86,1,157,4
09:32,13,53,1,220,8
09:36,11,71,1,260,8
09:40,110,82,1,64,1
09:44,44,81,1,203,2
09:48,76,63,1,299,8
09:52,10,37,1,202,2
09:56,103,37,1,125,8
10:00,43,47,23,52,1
10:02,57,62,17,232,2
10:04,68,57,4,101,8
10:06,22,88,26,88,4
10:08,121,82,2,133,1
10:10,57,0,9,182,8
10:12,59,95,5,90,2
10:14,116,20,22,231,24
10:16,58,27,1,71,4
10:18,91,33,5,158,24
10:20,59,73,8,292,4
10:22,149,7,2,168,8
10:24,83,45,3,227,2
10:26,99,9,1,53,24
10:28,83,55,1,235,24
10:30,75,88,1,47,4
10:32,84,87,1,52,24
10:34,132,86,1,14,1
10:36,82,84,1,51,4
10:38,99,86,1,277,1
10:40,67,95,1,79,24
10:42,138,3,1,398,4
10:44,106,86,1,210,1
10:46,139,64,1,357,2
10:48,55,81,1,316,24
10:50,32,54,1,75,1
10:52,53,57,1,189,24
10:54,31,45,1,148,8
10:56,123,48,1,110,8
10:58,10,7,1,25,1
11:00,59,87,1,24,4
11:02,43,32,1,375,8
11:04,104,74,1,331,24
11:06,82,67,1,46,8
11:08,42,80,1,393,1
11:10,38,55,1,2,2
11:12,105,36,1,345,8
11:14,45,39,1,302,2
11:16,100,62,1,261,4
11:18,114,55,1,156,1
11:20,97,43,1,124,4
11:22,40,92,1,270,24
11:24,84,65,1,320,24
11:26,128,52,1,392,2
11:28,35,65,1,329,24
11:30,87,55,1,84,1
11:32,18,98,1,144,2
11:34,43,4,1,285,2
11:36,116,89,1,357,8
11:38,53,42,1,116,4
11:40,141,75,1,329,8
11:42,123,40,1,398,2
11:44,55,25,1,213,1
11:46,80,17,1,51,1
12:00,41,83,43,119,24
12:03,91,24,49,195,8
12:06,82,57,6,7,4
12:09,113,24,4,120,24
12:12,4,6,29,3,2
12:15,34,18,5,353,24
12:18,25,13,12,258,4
12:21,121,72,6,169,1
12:24,67,17,3,119,2
12:27,47,4,2,370,8
12:30,24,19,1,87,24
12:33,94,68,1,323,24
12:36,127,59,1,15,1
12:39,20,67,1,72,1
12:42,30,45,1,84,1
12:45,2,51,1,147,4
12:48,102,50,1,55,4
12:51,100,49,1,389,24
12:54,102,3,1,315,24
12:57,18,36,1,21,2
13:00,79,7,1,59,24
13:03,58,70,1,142,24
13:06,7,21,1,115,2
13:09,45,72,1,62,8
13:12,10,63,1,147,8
13:15,91,51,1,296,1
13:18,5,26,1,111,4
13:21,77,63,1,131,8
13:24,50,36,1,49,1
13:27,23,44,1,58,8
13:30,79,16,1,101,2
14:00,81,84,75,248,2
14:13,42,37,40,303,24
14:26,15,76,15,106,8
14:39,74,37,4,55,2
14:52,84,72,20,234,8
15:05,56,81,14,188,1
15:18,38,84,12,46,24
15:31,109,74,7,92,4
15:44,56,58,9,283,24
16:00,93,30,51,82,8
16:02,48,68,78,90,24
16:04,70,16,128,229,24
16:06,58,99,39,353,8
16:08,14,59,19,166,24
16:10,124,15,64,66,24
16:12,102,75,30,323,1
16:14,137,72,16,201,2
16:16,113,83,4,332,4
16:18,72,55,8,354,24
16:20,111,11,5,49,1
16:22,42,27,3,113,2
16:24,24,82,3,199,8
16:26,95,51,2,75,4
16:28,119,59,1,392,4
16:30,49,60,1,187,24
16:32,110,78,1,307,2
16:34,147,75,1,334,4
16:36,118,71,1,170,8
16:38,14,98,1,329,1
16:40,7,83,1,323,24
16:42,43,33,1,368,4
16:44,92,40,1,358,1
16:46,0,31,1,319,24
16:48,121,27,1,223,24
16:50,139,82,1,373,24
16:52,86,29,1,288,8
16:54,100,63,1,148,8
16:56,30,75,1,396,2
16:58,12,47,1,274,2
17:00,82,98,1,61,1
17:02,149,47,1,155,1
17:04,51,40,1,383,4
17:06,129,17,1,172,2
17:08,49,36,1,291,24
17:10,74,81,1,345,4
17:12,135,46,1,61,2
17:14,147,37,1,24,8
17:16,56,93,1,214,24
17:18,105,37,1,4,1
17:20,97,23,1,123,4
17:22,105,80,1,252,24
17:24,87,36,1,171,1
17:26,52,89,1,305,8
17:28,131,3,1,285,8
17:30,74,31,1,123,2
17:32,30,88,1,184,24
17:34,93,45,1,389,2
17:36,117,52,1,138,8
17:38,66,59,1,236,2
18:00,55,62,96,190,8
18:02,78,59,90,228,8
18:04,85,77,35,387,24
18:06,66,95,6,383,4
18:08,135,30,30,223,24
18:10,135,30,10,267,24
18:12,131,47,6,333,8
18:14,1,40,14,394,2
18:16,137,50,7,389,1
18:18,71,67,3,150,4
18:20,53,71,1,377,2
18:22,76,89,1,337,2
18:24,92,25,1,5,8
18:26,97,14,1,381,8
18:28,127,20,1,1,8
18:30,118,54,1,397,24
18:32,2,19,1,60,1
18:34,91,64,1,134,1
18:36,80,56,1,295,4
18:38,57,3,1,290,1
18:40,136,87,1,214,2
18:42,70,0,1,47,1
18:44,118,98,1,256,2
18:46,25,81,1,64,8
18:48,127,52,1,67,24
18:50,104,24,1,171,2
18:52,74,23,1,350,2
18:54,138,8,1,249,4
18:56,34,62,1,277,8
18:58,26,33,1,297,8
19:00,93,27,1,128,8
19:02,74,23,1,221,1
19:04,14,70,1,156,2
19:06,113,98,1,331,4
19:08,131,64,1,393,2
19:10,66,89,1,29,4
19:12,6,81,1,298,2
19:14,129,47,1,353,1
19:16,26,66,1,360,8
19:18,13,20,1,362,8
19:20,124,24,1,240,1
19:22,71,34,1,174,2
19:24,134,80,1,256,2
19:26,132,81,1,374,2
20:00,93,20,20,116,1
20:02,15,57,43,18,24
20:04,36,41,5,114,4
20:06,3,72,4,345,1
20:08,2,50,29,86,1
20:10,42,56,12,182,1
20:12,5,65,9,392,1
20:14,49,4,8,297,2
20:16,30,39,4,45,1
20:18,71,63,2,71,2
20:20,106,82,5,111,2
20:22,33,78,4,384,2
20:24,54,0,2,191,4
20:26,37,29,1,91,2
20:28,2,76,1,325,2
20:30,108,59,1,243,4
20:32,47,83,1,131,2
20:34,115,31,1,372,2
20:36,7,79,1,103,8
20:38,13,95,1,41,4
20:40,92,47,1,16,2
20:42,36,9,1,99,24
20:44,7,30,1,351,1
20:46,88,84,1,343,8
20:48,6,51,1,364,24
20:50,127,47,1,174,2
20:52,12,10,1,321,8
20:54,65,41,1,243,2
20:56,107,96,1,237,2
20:58,96,54,1,345,2
21:00,70,46,1,163,8
21:02,45,64,1,275,1
21:04,30,11,1,185,2
21:06,69,67,1,217,1
21:08,119,42,1,106,24
21:10,7,86,1,10,4
21:12,34,45,1,260,24
21:14,134,79,1,36,8
21:16,77,32,1,298,4
21:18,78,80,1,190,1
21:20,17,31,1,291,1
21:22,91,96,1,126,8
21:24,75,23,1,329,24
21:26,136,78,1,355,4
21:28,10,17,1,299,4
21:30,88,38,1,77,8
21:32,20,80,1,267,2
21:34,15,78,1,400,4
21:36,45,30,1,145,1
21:38,79,34,1,181,8
21:40,146,59,1,375,24
21:42,114,32,1,217,4
21:44,9,62,1,106,2
21:46,7,85,1,155,1
21:48,149,37,1,287,2
21:50,6,78,1,274,8
21:52,145,13,1,124,4
21:54,83,25,1,181,8
22:00,144,61,24,372,24
22:04,44,64,4,211,8
22:08,110,81,3,87,24
22:12,5,17,7,144,4
22:16,35,32,11,326,4
22:20,86,35,7,377,4
22:24,41,8,7,254,24
22:28,149,5,5,98,24
22:32,64,89,2,28,2
22:36,89,83,1,35,1
22:40,108,12,2,69,4
22:44,55,18,2,105,8
22:48,57,29,1,369,2
22:52,36,49,1,372,2
22:56,97,96,1,71,1
23:00,10,8,1,24,1
23:04,59,98,1,41,4
23:08,14,13,1,209,2
23:12,113,19,1,386,8
23:16,87,61,1,363,1
23:20,8,64,1,382,4
23:24,138,52,1,84,24
23:28,136,91,1,256,1
23:32,79,9,1,145,2
23:36,16,27,1,124,1
