00:00,14,44,5,62,2
00:17,104,25,3,115,2
00:34,97,8,22,158,4
00:51,116,71,10,234,24
01:08,55,32,6,323,2
01:25,121,83,3,32,8
01:42,29,22,3,374,8
02:00,88,52,14,276,1
02:02,93,20,32,118,1
02:04,83,78,11,7,1
02:06,43,7,5,298,24
02:08,136,38,8,369,24
02:10,139,5,17,118,24
02:12,133,13,1,169,1
02:14,54,82,1,369,1
02:16,141,11,1,55,8
02:18,72,6,5,370,8
02:20,1,38,3,372,4
02:22,15,16,3,154,8
02:24,55,15,1,372,4
02:26,100,21,1,278,2
02:28,37,95,1,260,24
02:30,55,1,1,127,24
02:32,147,15,1,144,24
02:34,44,58,1,241,8
02:36,89,13,1,61,4
02:38,56,44,1,388,4
02:40,41,79,1,372,2
02:42,61,47,1,277,8
02:44,1,89,1,99,8
02:46,81,75,1,194,24
02:48,34,46,1,45,8
02:50,108,0,1,63,24
02:52,7,51,1,294,1
02:54,144,95,1,36,2
02:56,77,89,1,328,8
02:58,81,3,1,141,1
03:00,135,58,1,81,4
03:02,16,5,1,168,2
03:04,51,64,1,114,24
03:06,91,73,1,250,1
03:08,147,57,1,161,24
03:10,95,34,1,59,24
03:12,46,88,1,200,4
03:14,65,50,1,117,8
03:16,140,10,1,116,8
03:18,113,71,1,393,4
03:20,27,90,1,167,2
03:22,86,39,1,331,1
03:24,122,98,1,246,8
03:26,17,30,1,33,2
03:28,39,48,1,396,1
03:30,9,91,1,87,24
03:32,7,78,1,261,24
03:34,131,38,1,14,1
03:36,94,46,1,340,4
03:38,74,76,1,104,24
04:00,148,43,14,290,4
05:00,100,31,142,102,4
06:00,0,74,53,298,2
06:01,71,59,2,244,1
06:02,0,42,42,50,2
06:03,120,64,15,173,24
06:04,129,78,4,351,2
06:05,10,36,11,147,2
06:06,57,13,13,233,24
06:07,95,50,6,132,8
06:08,63,32,1,399,24
06:09,130,81,1,237,8
06:10,73,87,2,42,8
06:11,16,77,3,127,1
06:12,110,76,1,288,2
06:13,56,19,1,83,1
06:14,111,93,1,189,4
06:15,64,40,1,13,1
06:16,106,69,1,331,1
06:17,112,13,1,158,2
06:18,130,72,1,127,1
06:19,125,3,1,110,4
06:20,87,34,1,116,8
06:21,115,1,1,313,4
06:22,124,50,1,246,24
06:23,120,36,1,13,8
06:24,12,99,1,88,2
06:25,54,92,1,112,4
06:26,127,53,1,143,2
06:27,102,36,1,55,8
06:28,80,1,1,180,2
06:29,72,2,1,256,2
06:30,35,10,1,342,8
06:31,125,40,1,41,1
06:32,31,9,1,229,1
06:33,131,92,1,390,1
06:34,58,78,1,8,24
06:35,9,98,1,191,1
06:36,22,53,1,185,1
06:37,136,93,1,288,2
06:38,45,42,1,196,1
06:39,116,49,1,264,2
06:40,140,89,1,219,2
06:41,138,95,1,154,4
06:42,36,79,1,52,24
06:43,52,39,1,287,4
06:44,136,26,1,345,2
06:45,87,90,1,81,4
06:46,31,77,1,7,1
06:47,140,2,1,49,1
06:48,111,22,1,96,2
06:49,140,89,1,323,1
06:50,13,14,1,314,8
06:51,132,94,1,109,2
06:52,71,49,1,397,24
06:53,94,89,1,75,24
06:54,75,39,1,329,4
06:55,47,19,1,334,8
06:56,85,52,1,254,8
06:57,112,40,1,120,4
06:58,106,9,1,322,4
06:59,21,32,1,226,1
07:00,66,49,1,190,1
07:01,21,99,1,375,2
07:02,68,49,1,225,4
08:00,135,35,28,348,4
08:04,7,71,16,299,8
08:08,147,47,1,179,24
08:12,11,70,1,143,4
08:16,86,68,3,202,8
08:20,127,58,5,287,24
08:24,105,43,4,1,8
08:28,57,20,1,255,1
08:32,96,58,1,33,1
08:36,108,48,1,127,8
08:40,142,49,3,371,24
08:44,15,0,2,136,1
08:48,99,6,1,66,8
08:52,141,92,1,160,4
08:56,14,27,1,34,4
09:00,11,25,1,359,8
09:04,53,66,1,186,4
09:08,61,56,1,142,8
09:12,3,7,1,159,8
09:16,80,8,1,378,1
09:20,56,56,1,272,4
09:24,72,47,1,120,24
09:28,13,23,1,195,1
09:32,6,37,1,307,24
09:36,107,39,1,14,2
09:40,111,7,1,159,24
09:44,105,55,1,238,4
09:48,54,1,1,1,1
09:52,127,49,1,227,4
09:56,77,33,1,20,8
10:00,125,44,23,368,2
10:03,110,1,24,176,4
10:06,66,21,21,265,4
10:09,140,30,2,231,8
10:12,108,61,3,10,4
10:15,132,12,2,287,4
10:18,19,46,4,295,2
10:21,64,36,5,11,2
10:24,37,17,2,52,4
10:27,93,69,2,202,4
10:30,46,72,1,105,2
10:33,67,93,2,269,2
10:36,3,93,1,318,1
10:39,116,18,1,255,8
10:42,17,62,1,65,8
10:45,88,1,1,61,4
10:48,61,53,1,99,8
10:51,64,12,1,372,1
10:54,128,57,1,177,8
10:57,22,80,1,227,24
11:00,68,10,1,92,24
11:03,49,88,1,365,4
11:06,40,72,1,90,1
11:09,85,62,1,299,8
11:12,141,8,1,36,24
11:15,136,52,1,216,2
11:18,54,93,1,185,2
11:21,58,52,1,179,8
11:24,106,56,1,42,4
11:27,102,76,1,352,2
11:30,113,72,1,252,8
11:33,3,64,1,24,8
11:36,24,64,1,361,4
11:39,77,10,1,293,1
11:42,39,20,1,31,2
11:45,64,9,1,150,24
11:48,67,92,1,80,24
11:51,74,31,1,193,8
12:00,13,6,26,304,4
12:02,77,88,32,162,8
12:04,104,11,7,195,8
12:06,121,35,23,306,4
12:08,114,47,10,28,2
12:10,29,35,3,281,1
12:12,55,92,2,223,2
12:14,27,58,1,304,4
12:16,65,46,2,59,2
12:18,99,17,5,142,4
12:20,92,34,1,342,8
12:22,38,59,2,206,8
12:24,77,12,1,307,24
12:26,85,74,1,308,4
12:28,69,80,1,44,24
12:30,111,36,1,121,1
12:32,80,49,1,350,8
12:34,22,90,1,6,8
12:36,128,6,1,187,8
12:38,142,10,1,342,4
12:40,75,40,1,23,8
12:42,103,81,1,358,8
12:44,62,9,1,395,8
12:46,34,61,1,204,24
12:48,148,18,1,117,1
12:50,117,28,1,93,8
12:52,21,74,1,38,8
12:54,51,96,1,101,1
12:56,83,24,1,275,24
12:58,62,17,1,307,1
13:00,140,65,1,357,24
13:02,56,27,1,378,24
13:04,40,80,1,57,2
13:06,37,5,1,2,1
13:08,7,0,1,256,1
13:10,83,46,1,196,2
13:12,23,70,1,336,8
13:14,138,44,1,369,4
13:16,117,0,1,2,1
13:18,58,48,1,188,8
13:20,136,55,1,162,1
13:22,58,20,1,60,8
13:24,36,34,1,82,24
13:26,116,1,1,27,24
13:28,66,17,1,118,8
14:00,27,11,41,354,24
14:01,138,79,1,95,24
14:02,43,0,44,391,2
14:03,71,75,22,269,4
14:04,35,21,3,222,2
14:05,38,39,2,34,24
14:06,100,80,11,20,4
14:07,8,31,7,172,8
14:08,99,52,2,179,2
14:09,21,94,2,140,2
14:10,59,95,3,280,2
14:11,70,64,2,375,1
14:12,58,60,1,138,4
14:13,21,3,1,191,2
14:14,80,72,1,61,2
14:15,97,49,1,121,2
14:16,43,56,1,215,2
14:17,124,93,1,1,24
14:18,50,81,1,54,1
14:19,145,70,1,68,2
14:20,42,25,1,313,24
14:21,126,20,1,134,1
14:22,10,40,1,150,2
14:23,31,90,1,397,1
14:24,61,64,1,116,2
14:25,3,14,1,340,4
14:26,76,37,1,193,2
14:27,147,77,1,74,24
14:28,35,78,1,157,4
14:29,67,20,1,112,2
14:30,95,19,1,206,24
14:31,58,31,1,190,4
14:32,23,40,1,42,24
14:33,38,70,1,191,8
14:34,149,73,1,400,24
14:35,130,51,1,384,24
14:36,37,48,1,351,4
14:37,64,69,1,85,4
14:38,78,32,1,221,2
14:39,74,28,1,180,8
14:40,111,30,1,290,2
14:41,25,67,1,279,24
14:42,49,7,1,330,1
14:43,129,45,1,334,4
14:44,66,63,1,135,4
14:45,103,84,1,284,4
14:46,91,73,1,12,2
14:47,38,29,1,22,1
14:48,140,12,1,243,24
14:49,5,38,1,375,2
14:50,120,3,1,360,24
14:51,28,62,1,302,1
14:52,50,55,1,236,24
14:53,32,73,1,381,4
14:54,9,0,1,19,2
14:55,58,98,1,12,4
14:56,40,40,1,342,2
14:57,136,63,1,357,8
14:58,139,23,1,194,1
14:59,77,64,1,102,2
15:00,71,23,1,311,2
15:01,119,96,1,162,1
15:02,39,14,1,138,1
15:03,76,86,1,287,24
15:04,140,96,1,355,8
15:05,127,14,1,41,4
15:06,144,34,1,223,1
15:07,60,25,1,158,2
15:08,108,41,1,335,4
15:09,112,65,1,176,1
15:10,41,15,1,23,2
15:11,32,67,1,359,2
16:00,68,5,87,317,1
16:02,21,12,42,4,1
16:04,5,15,15,335,1
16:06,133,76,19,33,24
16:08,71,76,28,155,24
16:10,103,64,56,96,1
16:12,25,26,23,264,1
16:14,128,25,7,268,2
16:16,69,35,4,129,1
16:18,25,38,8,127,1
16:20,93,19,5,366,1
16:22,83,65,3,390,24
16:24,35,7,4,330,1
16:26,109,65,2,398,4
16:28,44,50,1,28,8
16:30,57,60,1,10,4
16:32,33,18,1,9,1
16:34,71,29,1,220,24
16:36,105,2,1,319,1
16:38,111,30,1,265,4
16:40,142,24,1,276,1
16:42,131,98,1,349,4
16:44,134,15,1,7,8
16:46,87,13,1,341,4
16:48,84,75,1,88,24
16:50,56,65,1,101,1
16:52,83,94,1,363,2
16:54,131,86,1,371,1
16:56,105,68,1,41,24
16:58,28,66,1,234,24
17:00,139,16,1,302,4
17:02,112,81,1,88,4
17:04,96,52,1,332,1
17:06,60,39,1,65,2
17:08,75,61,1,38,1
17:10,57,53,1,170,1
17:12,124,61,1,246,4
17:14,76,88,1,14,8
17:16,126,39,1,185,2
17:18,42,98,1,252,2
17:20,74,38,1,61,2
17:22,90,14,1,279,4
17:24,47,55,1,10,8
17:26,22,56,1,213,2
17:28,4,42,1,262,2
17:30,22,7,1,256,2
17:32,33,38,1,47,24
17:34,149,10,1,376,24
18:00,20,80,61,138,1
18:01,38,32,39,1,24
18:02,126,71,51,364,1
18:03,57,10,26,385,8
18:04,54,19,11,242,4
18:05,92,61,8,55,4
18:06,103,49,4,281,2
18:07,95,50,2,367,2
18:08,37,90,1,150,8
18:09,12,23,1,78,1
18:10,70,40,1,384,2
18:11,9,44,1,360,1
18:12,130,68,1,378,24
18:13,139,34,1,82,2
18:14,120,35,1,224,2
18:15,109,39,1,276,4
18:16,131,80,1,327,1
18:17,45,36,1,218,1
18:18,34,56,1,34,4
18:19,26,62,1,116,24
18:20,135,37,1,318,4
18:21,89,88,1,183,2
18:22,92,99,1,263,4
18:23,0,80,1,74,2
18:24,114,33,1,112,24
18:25,5,85,1,25,24
18:26,1,90,1,240,8
18:27,83,59,1,21,4
18:28,116,65,1,319,4
18:29,34,6,1,146,8
18:30,54,48,1,29,24
18:31,45,3,1,247,4
18:32,22,34,1,380,1
18:33,99,27,1,386,8
18:34,145,57,1,1,24
18:35,37,38,1,50,1
18:36,28,1,1,102,4
18:37,123,65,1,331,4
18:38,65,47,1,219,2
18:39,9,84,1,197,1
18:40,109,91,1,192,24
18:41,103,62,1,397,2
18:42,12,38,1,77,1
18:43,149,12,1,291,2
18:44,111,81,1,379,1
18:45,142,85,1,106,4
18:46,87,20,1,56,4
18:47,115,8,1,332,2
18:48,68,35,1,278,4
18:49,45,25,1,35,24
18:50,129,32,1,156,8
18:51,31,68,1,144,8
18:52,59,32,1,324,2
18:53,129,57,1,88,2
18:54,136,78,1,60,4
18:55,101,63,1,274,4
18:56,44,59,1,293,8
18:57,123,64,1,219,1
18:58,97,32,1,23,4
18:59,133,99,1,386,2
19:00,70,6,1,107,24
19:01,60,14,1,268,1
19:02,78,25,1,143,24
19:03,93,48,1,257,4
19:04,85,6,1,22,8
19:05,90,0,1,349,24
19:06,88,54,1,21,4
19:07,107,72,1,272,8
19:08,123,80,1,359,2
19:09,12,63,1,350,2
19:10,36,91,1,218,1
19:11,86,32,1,256,4
19:12,143,85,1,240,2
19:13,50,93,1,33,24
19:14,56,69,1,222,2
19:15,142,64,1,2,24
19:16,76,54,1,241,24
19:17,84,85,1,119,1
19:18,135,58,1,84,2
19:19,30,62,1,232,24
19:20,88,88,1,123,2
19:21,95,10,1,160,4
19:22,145,42,1,331,8
19:23,14,55,1,257,24
19:24,97,51,1,335,8
19:25,26,68,1,366,24
19:26,35,2,1,341,4
19:27,109,23,1,48,24
19:28,61,34,1,303,24
19:29,68,60,1,98,24
19:30,48,60,1,339,2
19:31,101,36,1,324,8
19:32,97,52,1,27,2
19:33,44,75,1,331,8
19:34,50,56,1,118,2
19:35,12,75,1,352,24
19:36,124,67,1,213,2
20:00,70,68,14,19,24
20:08,114,0,35,5,1
20:16,39,97,15,61,2
20:24,7,62,17,5,1
20:32,15,20,2,398,1
20:40,18,39,1,290,24
20:48,27,97,2,155,4
20:56,133,16,4,377,1
21:04,96,40,5,372,24
21:12,98,87,2,376,24
21:20,96,80,2,69,8
21:28,11,92,1,201,4
21:36,71,3,1,69,8
21:44,87,30,1,381,8
22:00,33,47,1,120,24
22:04,45,16,17,64,8
22:08,63,20,7,136,1
22:12,121,35,2,381,24
22:16,29,13,11,147,8
22:20,111,49,2,29,2
22:24,86,83,5,85,8
22:28,54,48,3,99,8
22:32,97,77,1,298,2
22:36,36,39,2,114,4
22:40,26,10,1,19,2
22:44,85,69,1,297,4
22:48,121,13,1,274,24
22:52,68,98,1,253,4
22:56,22,56,1,204,4
23:00,24,98,1,152,2
23:04,128,75,1,5,24
23:08,97,77,1,327,24
23:12,18,70,1,245,4
23:16,111,21,1,237,2
23:20,75,14,1,265,4
23:24,40,65,1,321,8
23:28,38,61,1,113,2
23:32,99,0,1,123,1
23:36,95,33,1,160,2
