00:00,61,11,10,39,1
00:03,97,91,18,191,1
00:06,12,4,18,352,24
00:09,61,16,7,280,24
00:12,61,14,6,107,24
00:15,25,3,7,254,8
00:18,37,99,7,347,24
00:21,77,88,4,328,1
00:24,72,95,7,63,2
00:27,35,89,3,335,24
00:30,6,15,2,317,4
00:33,50,32,1,266,8
00:36,7,82,1,297,24
00:39,14,24,1,220,8
00:42,45,93,1,106,1
00:45,98,29,1,20,24
00:48,4,29,1,162,24
00:51,25,2,1,96,8
00:54,107,88,1,377,4
00:57,61,2,1,147,24
01:00,19,25,1,316,8
01:03,135,4,1,210,2
01:06,69,57,1,281,4
01:09,146,53,1,104,1
01:12,41,33,1,325,24
01:15,112,82,1,323,2
01:18,131,22,1,57,8
01:21,100,83,1,341,8
01:24,51,76,1,1,1
01:27,110,82,1,292,4
01:30,63,48,1,12,24
02:00,133,62,19,105,24
02:04,62,43,54,117,1
02:08,59,55,12,49,24
02:12,146,44,32,186,8
02:16,99,10,20,124,2
02:20,72,11,1,170,8
02:24,54,1,20,322,24
02:28,131,81,7,371,1
02:32,9,53,5,188,2
02:36,39,85,5,286,8
02:40,94,48,2,338,24
02:44,95,57,4,134,2
02:48,125,57,2,180,4
02:52,5,67,1,350,4
02:56,9,74,1,158,24
03:00,76,18,1,259,24
03:04,53,4,1,265,4
03:08,1,76,1,348,4
03:12,99,42,1,33,1
03:16,145,34,1,33,2
03:20,53,46,1,279,2
03:24,41,58,1,76,8
03:28,69,54,1,288,2
03:32,106,74,1,92,1
03:36,104,53,1,342,4
03:40,73,58,1,373,24
03:44,15,92,1,198,2
03:48,96,53,1,206,8
04:00,108,18,83,39,2
04:02,145,49,12,212,8
04:04,140,87,17,208,8
04:06,32,74,44,237,24
04:08,13,92,9,196,8
04:10,57,82,1,67,24
04:12,70,49,32,298,8
04:14,74,67,28,381,4
04:16,20,58,4,32,1
04:18,38,49,13,267,1
04:20,76,94,13,3,2
04:22,113,47,8,293,24
04:24,143,33,6,135,24
04:26,39,49,1,284,8
04:28,143,76,2,124,8
04:30,7,58,1,15,2
04:32,27,45,1,362,8
04:34,64,92,1,212,8
04:36,98,21,1,128,1
04:38,128,19,1,110,4
04:40,53,12,1,211,8
04:42,134,3,1,178,8
04:44,113,47,1,63,24
04:46,135,49,1,103,4
04:48,37,14,1,175,2
04:50,67,15,1,74,8
04:52,82,89,1,239,4
04:54,9,41,1,298,1
04:56,3,72,1,2,4
04:58,91,10,1,107,24
05:00,130,20,1,141,1
05:02,28,76,1,4,1
05:04,66,76,1,329,4
05:06,129,69,1,161,2
05:08,142,29,1,5,1
05:10,8,94,1,322,2
05:12,81,66,1,305,1
05:14,83,92,1,90,1
05:16,34,57,1,20,8
05:18,130,26,1,256,4
05:20,119,63,1,215,2
05:22,88,37,1,17,1
05:24,81,52,1,248,4
05:26,134,52,1,188,8
05:28,1,93,1,216,24
05:30,121,5,1,21,2
05:32,125,68,1,398,8
05:34,2,98,1,131,24
05:36,6,88,1,322,8
05:38,62,80,1,114,1
05:40,60,30,1,338,1
05:42,49,67,1,2,2
05:44,119,14,1,112,24
05:46,7,47,1,390,24
05:48,107,91,1,49,4
05:50,75,97,1,133,24
05:52,110,26,1,16,4
05:54,40,68,1,396,8
05:56,48,0,1,393,2
06:00,112,65,114,115,4
06:01,126,39,72,233,2
06:02,81,94,22,103,2
06:03,27,66,6,200,4
06:04,49,77,10,285,1
06:05,146,72,12,26,4
06:06,86,92,15,142,24
06:07,78,49,11,31,2
06:08,37,38,7,400,4
06:09,4,35,2,134,4
06:10,73,10,1,393,8
06:11,119,3,4,55,2
06:12,122,45,2,338,4
06:13,58,51,1,115,2
06:14,143,10,1,240,24
06:15,11,53,1,159,2
06:16,49,34,1,77,8
06:17,107,97,1,253,4
06:18,8,99,1,352,24
06:19,122,76,1,101,24
06:20,61,78,1,323,4
06:21,76,44,1,101,4
06:22,74,38,1,133,24
06:23,28,97,1,60,2
06:24,75,1,1,344,1
06:25,84,44,1,239,24
06:26,145,46,1,20,1
06:27,79,11,1,360,2
06:28,31,61,1,354,4
06:29,113,95,1,34,4
06:30,32,2,1,82,24
06:31,94,37,1,30,8
06:32,17,94,1,358,8
06:33,91,94,1,305,8
06:34,35,65,1,100,4
06:35,108,76,1,116,2
06:36,31,62,1,360,24
06:37,133,70,1,147,8
06:38,106,77,1,384,1
06:39,57,75,1,222,8
06:40,79,92,1,14,1
06:41,7,47,1,75,2
06:42,90,91,1,10,4
06:43,47,56,1,130,24
06:44,87,69,1,269,8
06:45,50,3,1,63,2
06:46,15,28,1,375,1
06:47,55,49,1,307,24
06:48,81,93,1,345,1
06:49,83,71,1,68,4
06:50,7,81,1,172,24
06:51,76,46,1,121,1
06:52,113,85,1,120,8
06:53,42,64,1,63,8
06:54,147,71,1,334,24
06:55,68,36,1,118,24
06:56,127,43,1,63,2
06:57,28,38,1,293,2
06:58,96,11,1,18,4
06:59,97,37,1,2,24
07:00,35,40,1,226,8
07:01,5,59,1,282,1
07:02,121,6,1,45,4
07:03,80,16,1,79,24
07:04,101,15,1,215,4
07:05,101,91,1,149,8
07:06,65,9,1,53,1
07:07,123,60,1,340,4
07:08,131,44,1,338,4
07:09,99,32,1,249,2
07:10,19,57,1,302,4
07:11,39,1,1,101,24
07:12,89,29,1,89,1
07:13,50,7,1,125,8
07:14,42,91,1,124,2
07:15,35,80,1,392,8
07:16,92,65,1,353,8
07:17,135,97,1,116,24
07:18,111,64,1,102,8
07:19,90,11,1,289,2
07:20,121,97,1,287,24
07:21,48,3,1,36,2
07:22,17,92,1,17,8
07:23,131,37,1,373,1
07:24,108,89,1,103,24
07:25,103,37,1,258,1
07:26,93,90,1,256,4
07:27,147,33,1,170,8
07:28,116,47,1,110,1
07:29,69,60,1,387,1
07:30,46,66,1,393,24
07:31,70,67,1,292,1
07:32,2,87,1,331,1
07:33,110,71,1,76,4
07:34,149,16,1,274,8
07:35,37,92,1,329,24
07:36,2,94,1,273,24
07:37,105,37,1,305,2
07:38,19,55,1,286,24
07:39,116,82,1,45,24
07:40,31,86,1,117,2
07:41,49,56,1,393,1
07:42,39,42,1,212,8
07:43,137,84,1,341,1
07:44,77,7,1,158,2
07:45,44,21,1,343,1
07:46,124,52,1,104,4
07:47,75,25,1,119,4
07:48,65,95,1,319,1
07:49,20,16,1,290,1
07:50,80,24,1,367,4
07:51,7,37,1,39,1
07:52,19,74,1,61,2
08:00,44,47,16,366,4
08:15,90,75,47,183,8
08:30,58,82,15,366,1
08:45,115,5,17,151,4
09:00,6,36,7,272,24
09:15,16,90,6,204,2
09:30,65,28,2,42,2
09:45,95,17,10,89,8
10:00,49,13,16,395,8
10:10,112,37,37,317,2
10:20,80,71,18,175,8
10:30,133,47,37,22,1
10:40,109,40,3,306,8
10:50,34,12,2,6,8
11:00,76,41,1,303,8
11:10,127,52,12,235,1
11:20,96,85,16,14,2
11:30,30,41,4,390,2
11:40,107,14,7,11,4
11:50,10,71,8,347,4
12:00,110,70,46,273,8
12:02,46,6,18,383,24
12:04,29,8,47,104,8
12:06,136,76,20,266,1
12:08,26,53,34,205,4
12:10,98,83,15,205,4
12:12,35,97,6,358,24
12:14,129,12,7,298,8
12:16,66,50,1,53,8
12:18,61,82,1,251,8
12:20,128,94,1,188,1
12:22,19,32,1,325,8
12:24,41,79,2,371,8
12:26,82,18,1,246,2
12:28,110,69,1,346,4
12:30,114,3,1,171,4
12:32,126,17,1,15,4
12:34,79,21,1,300,4
12:36,3,55,1,376,2
12:38,17,6,1,226,8
12:40,64,17,1,159,8
12:42,31,59,1,279,8
12:44,145,72,1,369,8
12:46,110,40,1,332,2
12:48,14,70,1,272,4
12:50,98,2,1,260,4
12:52,22,39,1,161,8
12:54,26,36,1,391,24
12:56,105,48,1,79,8
12:58,2,39,1,32,24
13:00,130,26,1,294,24
13:02,63,10,1,16,2
13:04,93,61,1,121,1
13:06,125,10,1,41,1
13:08,68,70,1,124,24
13:10,76,55,1,116,4
13:12,99,92,1,59,4
13:14,5,29,1,59,4
13:16,36,80,1,1,2
13:18,117,40,1,303,1
13:20,110,57,1,17,8
13:22,89,20,1,243,4
13:24,26,29,1,17,8
13:26,108,42,1,143,4
13:28,120,65,1,42,24
13:30,34,9,1,175,24
13:32,56,13,1,250,1
13:34,82,34,1,369,24
13:36,85,54,1,130,24
13:38,76,20,1,234,4
14:00,75,28,89,293,4
14:01,115,36,26,213,24
14:02,64,72,34,259,8
14:03,12,16,20,312,24
14:04,43,24,10,30,8
14:05,84,25,3,240,1
14:06,67,52,7,218,4
14:07,141,55,8,79,4
14:08,59,68,22,241,1
14:09,28,50,5,26,24
14:10,113,91,1,319,8
14:11,117,55,4,36,24
14:12,17,95,3,352,24
14:13,122,37,4,210,8
14:14,99,10,3,162,1
14:15,4,91,1,33,24
14:16,121,2,1,27,2
14:17,3,26,1,72,4
14:18,66,83,1,242,2
14:19,119,38,1,163,2
14:20,97,94,1,55,2
14:21,85,61,1,150,4
14:22,67,97,1,304,8
14:23,31,87,1,41,1
14:24,22,37,1,56,4
14:25,3,6,1,315,2
14:26,7,90,1,61,1
14:27,127,3,1,203,1
14:28,99,87,1,291,4
14:29,12,2,1,29,8
14:30,83,15,1,318,4
14:31,74,66,1,27,2
14:32,20,69,1,252,2
14:33,77,24,1,193,24
14:34,77,41,1,137,24
14:35,67,32,1,96,24
14:36,124,69,1,248,4
14:37,144,67,1,124,1
14:38,114,45,1,385,8
14:39,78,67,1,126,1
14:40,101,27,1,286,24
14:41,127,21,1,339,4
14:42,134,8,1,381,8
14:43,15,5,1,59,1
14:44,105,77,1,273,24
14:45,67,62,1,363,24
14:46,146,82,1,305,4
14:47,37,20,1,267,4
14:48,21,27,1,39,8
14:49,145,44,1,376,1
14:50,9,82,1,113,8
14:51,129,76,1,99,24
14:52,69,71,1,212,8
14:53,121,68,1,161,4
14:54,98,80,1,116,8
14:55,141,30,1,233,4
14:56,144,37,1,398,8
14:57,30,75,1,313,1
14:58,62,73,1,127,1
14:59,85,96,1,81,2
15:00,107,94,1,57,1
15:01,25,5,1,359,24
15:02,23,73,1,101,1
15:03,80,33,1,337,2
15:04,44,76,1,124,1
15:05,53,32,1,190,24
15:06,120,43,1,188,2
15:07,120,88,1,125,4
15:08,130,12,1,10,24
15:09,113,57,1,388,2
15:10,37,87,1,378,2
15:11,27,73,1,42,4
15:12,149,54,1,120,4
15:13,98,36,1,398,4
15:14,5,45,1,307,8
15:15,40,45,1,142,4
15:16,146,75,1,204,1
15:17,18,48,1,273,8
15:18,108,95,1,44,1
15:19,34,93,1,109,2
16:00,94,26,80,51,24
16:04,120,27,147,48,4
16:08,64,99,31,205,4
16:12,20,89,108,75,24
16:16,38,98,6,149,4
16:20,145,24,34,376,24
16:24,81,86,51,365,24
16:28,57,68,18,96,8
16:32,98,86,46,315,4
16:36,62,34,19,140,4
16:40,80,53,2,377,1
16:44,27,55,10,96,2
16:48,3,73,10,152,24
16:52,94,63,1,167,8
16:56,136,66,2,25,24
17:00,29,22,2,176,2
17:04,137,60,1,352,2
17:08,139,61,1,302,1
17:12,76,64,1,368,8
17:16,19,25,1,27,1
17:20,138,5,1,354,1
17:24,66,87,1,162,2
17:28,79,46,1,171,24
17:32,46,90,1,161,8
17:36,30,70,1,64,24
17:40,60,93,1,144,4
17:44,74,16,1,361,1
17:48,63,68,1,57,4
17:52,40,15,1,227,8
18:00,88,49,122,245,8
18:07,55,42,47,304,1
18:14,83,79,35,322,2
18:21,12,63,48,313,4
18:28,59,14,45,228,24
18:35,124,51,14,269,24
18:42,109,33,32,172,4
18:49,147,69,11,375,4
18:56,1,76,11,269,1
19:03,139,28,4,70,1
19:10,4,37,5,232,2
19:17,16,70,2,151,1
19:24,57,28,1,58,4
19:31,124,70,1,24,4
19:38,78,49,1,343,8
19:45,129,36,2,398,24
20:00,81,66,28,302,4
20:03,6,21,2,135,1
20:06,133,79,42,126,8
20:09,143,88,6,365,1
20:12,61,69,36,217,1
20:15,133,61,34,14,4
20:18,118,80,5,349,24
20:21,73,89,4,265,24
20:24,132,33,13,224,1
20:27,73,61,5,8,24
20:30,44,71,3,59,24
20:33,142,83,6,316,4
20:36,7,68,1,108,2
20:39,90,6,1,399,1
20:42,116,35,1,21,8
20:45,125,17,1,183,4
20:48,77,4,1,92,4
20:51,105,51,1,395,2
20:54,112,99,1,69,2
20:57,102,88,1,258,24
21:00,5,25,1,134,4
21:03,7,88,1,355,8
21:06,0,97,1,303,1
21:09,90,64,1,104,8
21:12,35,56,1,5,2
21:15,53,66,1,350,24
21:18,9,70,1,31,24
21:21,25,48,1,41,8
21:24,132,81,1,393,4
21:27,79,84,1,333,8
21:30,22,36,1,68,1
22:00,97,64,20,52,4
23:00,7,28,77,331,8
