00:00,5,1,8,62,24
00:08,24,97,4,270,8
00:16,91,46,6,2,1
00:24,0,48,15,273,1
00:32,42,5,8,346,8
00:40,3,20,3,154,2
00:48,144,74,3,142,24
00:56,31,50,2,203,4
01:04,75,23,1,213,1
01:12,15,0,1,42,4
01:20,101,36,1,4,24
01:28,91,44,1,298,8
01:36,2,56,1,176,4
01:44,68,74,1,164,4
02:00,67,1,13,202,24
02:04,33,41,20,122,24
02:08,34,68,27,322,1
02:12,72,13,3,198,24
02:16,93,8,4,210,8
02:20,118,76,11,14,24
02:24,73,62,8,234,4
02:28,120,38,4,331,2
02:32,48,46,1,116,24
02:36,11,60,3,187,24
02:40,22,6,4,57,4
02:44,82,17,2,279,2
02:48,9,61,2,207,2
02:52,4,94,1,99,8
02:56,94,41,1,18,2
03:00,25,92,1,22,24
03:04,7,22,1,347,4
03:08,114,66,1,321,1
03:12,10,95,1,288,4
03:16,0,71,1,123,24
03:20,25,96,1,183,24
03:24,70,82,1,270,8
03:28,38,38,1,15,4
03:32,47,74,1,377,1
03:36,100,66,1,248,2
03:40,80,19,1,238,8
04:00,37,54,45,260,2
04:01,65,84,30,196,8
04:02,68,15,1,215,8
04:03,28,87,9,347,4
04:04,57,59,19,374,1
04:05,22,58,12,295,24
04:06,147,61,2,43,8
04:07,54,54,15,62,4
04:08,60,39,1,320,4
04:09,19,50,5,93,2
04:10,129,54,4,351,8
04:11,99,44,3,175,24
04:12,53,30,3,139,8
04:13,45,66,1,162,24
04:14,28,21,1,74,2
04:15,71,96,1,122,2
04:16,63,86,1,295,8
04:17,77,73,1,192,8
04:18,6,26,1,235,4
04:19,20,73,1,139,24
04:20,115,69,1,130,4
04:21,102,10,1,87,8
04:22,8,86,1,250,8
04:23,14,57,1,7,1
04:24,126,66,1,253,8
04:25,13,81,1,176,24
04:26,128,50,1,107,8
04:27,112,98,1,250,24
04:28,27,89,1,118,8
04:29,11,95,1,34,2
04:30,105,87,1,86,2
04:31,87,77,1,314,2
04:32,131,86,1,262,2
04:33,143,78,1,312,4
04:34,78,9,1,21,1
04:35,45,2,1,339,4
04:36,106,92,1,54,4
04:37,6,89,1,90,4
04:38,93,26,1,161,2
04:39,17,19,1,108,1
04:40,4,11,1,95,2
04:41,14,36,1,145,8
04:42,92,90,1,97,4
04:43,7,65,1,383,1
04:44,6,28,1,282,24
04:45,105,13,1,182,24
04:46,23,3,1,1,1
04:47,48,1,1,133,24
04:48,132,16,1,96,24
04:49,47,22,1,258,4
04:50,46,33,1,375,1
04:51,77,4,1,295,8
04:52,74,91,1,170,2
04:53,56,49,1,15,4
04:54,37,29,1,158,1
04:55,15,2,1,205,8
04:56,41,52,1,320,8
04:57,81,74,1,373,1
04:58,116,94,1,383,4
04:59,65,65,1,257,24
05:00,36,63,1,269,2
05:01,48,19,1,93,1
05:02,53,2,1,338,4
05:03,3,38,1,139,1
05:04,140,61,1,249,1
05:05,11,59,1,176,2
05:06,35,77,1,400,4
05:07,58,62,1,21,2
05:08,15,7,1,220,2
05:09,52,37,1,56,4
05:10,71,33,1,195,24
05:11,85,85,1,24,8
05:12,96,94,1,81,1
06:00,59,68,73,135,2
06:06,121,57,12,275,2
06:12,42,31,22,15,8
06:18,21,78,24,269,1
06:24,106,47,13,34,24
06:30,105,23,6,220,1
06:36,85,25,1,321,24
06:42,65,48,1,133,2
06:48,82,10,1,378,2
06:54,8,10,2,387,24
07:00,119,87,1,231,4
07:06,2,63,1,266,1
07:12,39,46,1,189,2
07:18,44,82,1,270,1
07:24,59,60,1,159,2
07:30,144,67,1,151,1
07:36,63,77,1,248,2
07:42,123,79,1,145,2
07:48,4,70,1,164,4
07:54,108,86,1,250,2
08:00,101,83,9,244,2
08:10,19,66,20,322,24
08:20,68,35,3,368,1
08:30,25,3,1,47,1
08:40,142,74,15,124,4
08:50,8,66,11,342,4
09:00,60,67,3,207,1
09:10,111,29,3,197,24
09:20,21,14,1,280,8
09:30,31,47,2,267,1
09:40,42,36,1,327,1
09:50,113,84,2,136,8
10:00,33,48,37,305,24
10:03,42,81,20,377,2
10:06,62,68,17,271,2
10:09,86,66,9,85,1
10:12,51,91,2,43,2
10:15,44,40,4,86,8
10:18,49,92,2,381,8
10:21,119,68,1,350,4
10:24,88,53,1,262,8
10:27,4,55,1,366,1
10:30,75,60,1,262,4
10:33,129,67,1,162,8
10:36,110,93,1,234,24
10:39,20,16,1,384,4
10:42,74,49,1,324,4
10:45,24,1,1,309,4
10:48,135,38,1,360,24
10:51,132,23,1,350,8
10:54,30,57,1,305,8
10:57,116,79,1,175,8
11:00,109,60,1,11,2
11:03,111,76,1,176,4
11:06,74,60,1,295,8
11:09,46,78,1,75,24
11:12,65,17,1,155,2
11:15,105,48,1,320,24
11:18,10,61,1,95,8
11:21,56,24,1,17,24
11:24,59,84,1,113,1
11:27,92,1,1,214,8
11:30,39,51,1,178,24
11:33,24,28,1,362,2
11:36,92,12,1,134,2
12:00,72,5,18,230,1
12:04,16,35,34,217,24
12:08,60,70,24,212,8
12:12,29,48,7,180,2
12:16,4,91,8,42,1
12:20,142,3,13,150,24
12:24,29,2,2,89,24
12:28,148,23,2,66,2
12:32,0,53,5,327,2
12:36,84,96,2,376,2
12:40,87,46,1,315,1
12:44,91,95,1,398,4
12:48,17,47,1,344,1
12:52,95,29,1,368,24
12:56,12,36,1,170,4
13:00,64,33,1,12,2
13:04,128,47,1,400,2
13:08,79,71,1,138,4
13:12,87,49,1,282,8
13:16,97,76,1,36,4
13:20,81,94,1,398,8
13:24,8,83,1,233,24
13:28,103,84,1,52,24
13:32,7,5,1,301,1
13:36,36,16,1,250,24
13:40,42,32,1,263,1
13:44,100,68,1,352,24
14:00,96,20,67,202,1
14:04,75,27,11,20,24
14:08,22,75,11,296,4
14:12,40,33,27,209,8
14:16,129,21,4,347,2
14:20,34,49,6,167,2
14:24,106,55,3,63,2
14:28,47,99,2,134,24
14:32,64,35,2,200,24
14:36,90,10,3,84,2
14:40,81,20,4,347,8
14:44,54,81,1,52,1
14:48,109,43,1,263,4
14:52,41,93,1,13,24
14:56,5,12,1,209,24
15:00,88,84,1,88,8
15:04,40,45,1,268,2
15:08,47,15,1,247,24
15:12,87,74,1,302,1
15:16,50,68,1,267,8
15:20,1,69,1,64,8
15:24,100,22,1,345,24
15:28,61,13,1,385,24
15:32,61,8,1,167,4
15:36,148,20,1,51,8
15:40,11,67,1,388,24
15:44,18,29,1,380,1
15:48,138,80,1,286,24
16:00,53,1,80,294,24
16:01,84,91,83,125,8
16:02,135,90,52,384,8
16:03,28,86,37,206,1
16:04,13,6,6,248,4
16:05,47,90,17,207,8
16:06,98,51,2,178,8
16:07,94,37,2,2,4
16:08,79,61,15,86,2
16:09,41,14,4,77,2
16:10,25,2,7,229,2
16:11,149,9,5,336,24
16:12,68,78,2,210,1
16:13,63,99,1,30,4
16:14,34,29,1,386,8
16:15,78,50,1,63,8
16:16,2,31,1,262,24
16:17,95,76,1,217,24
16:18,84,61,1,24,24
16:19,97,24,1,120,1
16:20,104,38,1,101,24
16:21,3,83,1,281,24
16:22,43,9,1,334,2
16:23,90,46,1,320,24
16:24,67,71,1,7,4
16:25,0,40,1,196,24
16:26,107,20,1,361,1
16:27,55,79,1,382,1
16:28,34,39,1,161,2
16:29,109,23,1,397,4
16:30,23,95,1,255,24
16:31,110,19,1,341,1
16:32,77,22,1,71,1
16:33,57,91,1,139,8
16:34,41,49,1,244,4
16:35,66,32,1,42,1
16:36,90,66,1,288,24
16:37,59,19,1,66,8
16:38,37,13,1,157,2
16:39,121,7,1,275,8
16:40,70,75,1,143,2
16:41,73,58,1,391,8
16:42,128,58,1,192,8
16:43,14,27,1,293,24
16:44,144,79,1,299,1
16:45,33,27,1,15,24
16:46,123,95,1,273,8
16:47,33,96,1,85,8
16:48,34,92,1,263,4
16:49,82,20,1,399,2
16:50,28,33,1,117,4
16:51,57,64,1,295,4
16:52,0,40,1,297,8
16:53,60,55,1,348,4
16:54,109,43,1,226,4
16:55,58,62,1,1,2
16:56,139,67,1,166,24
16:57,105,79,1,188,2
16:58,129,56,1,189,1
16:59,143,27,1,55,24
17:00,112,16,1,147,2
17:01,82,94,1,210,4
17:02,2,24,1,265,4
17:03,88,99,1,400,2
17:04,124,37,1,309,24
17:05,11,21,1,53,24
17:06,73,84,1,366,1
17:07,44,20,1,382,4
17:08,49,74,1,64,1
17:09,110,93,1,249,2
17:10,73,81,1,94,4
17:11,85,90,1,329,1
17:12,3,69,1,75,8
17:13,32,87,1,67,2
17:14,67,40,1,64,2
17:15,141,34,1,196,8
17:16,95,19,1,329,8
17:17,85,84,1,25,24
17:18,28,55,1,8,24
17:19,88,34,1,244,8
17:20,29,5,1,1,8
17:21,102,37,1,206,2
17:22,129,54,1,92,4
17:23,50,14,1,256,1
17:24,115,91,1,342,4
17:25,147,23,1,168,8
17:26,38,94,1,160,8
17:27,121,84,1,43,4
17:28,119,87,1,382,2
17:29,135,51,1,157,8
17:30,148,24,1,281,24
17:31,134,24,1,394,1
17:32,145,38,1,94,8
17:33,70,14,1,353,2
17:34,7,14,1,93,1
17:35,124,84,1,259,24
18:00,24,46,24,198,2
18:01,122,77,56,384,4
18:02,61,80,20,219,24
18:03,72,65,30,138,24
18:04,7,22,5,268,2
18:05,124,16,25,258,2
18:06,10,44,17,256,2
18:07,4,40,7,17,1
18:08,134,28,1,259,2
18:09,117,52,11,245,24
18:10,99,79,4,203,24
18:11,108,28,3,182,24
18:12,118,3,2,10,4
18:13,140,36,2,336,8
18:14,129,24,1,315,4
18:15,87,65,1,161,2
18:16,7,7,1,188,4
18:17,80,97,1,318,1
18:18,104,30,1,71,1
18:19,59,70,1,205,4
18:20,41,13,1,175,8
18:21,54,64,1,247,24
18:22,71,90,1,239,24
18:23,26,26,1,294,8
18:24,88,53,1,355,2
18:25,119,59,1,136,1
18:26,27,61,1,106,1
18:27,146,61,1,80,24
18:28,85,13,1,123,8
18:29,62,53,1,229,24
18:30,53,48,1,205,1
18:31,34,1,1,49,8
18:32,91,42,1,45,4
18:33,100,69,1,99,4
18:34,142,68,1,331,24
18:35,49,34,1,302,2
18:36,33,16,1,205,2
18:37,18,34,1,24,4
18:38,75,47,1,156,2
18:39,119,38,1,235,8
18:40,107,38,1,290,24
18:41,41,50,1,327,2
18:42,93,17,1,34,24
18:43,118,13,1,318,24
18:44,146,55,1,224,2
18:45,82,90,1,199,1
18:46,98,75,1,324,1
18:47,4,73,1,204,1
18:48,12,4,1,219,2
18:49,122,52,1,140,8
18:50,9,14,1,358,2
18:51,87,10,1,281,24
18:52,132,95,1,362,4
18:53,58,95,1,267,4
18:54,102,88,1,398,2
18:55,49,93,1,347,1
18:56,97,45,1,48,1
18:57,43,1,1,169,4
18:58,37,1,1,272,8
18:59,3,92,1,22,8
19:00,45,43,1,67,8
19:01,20,39,1,11,2
19:02,45,78,1,226,2
19:03,123,44,1,96,1
19:04,0,69,1,216,2
19:05,116,86,1,86,1
19:06,135,20,1,168,24
19:07,44,44,1,174,8
19:08,93,38,1,276,8
19:09,40,99,1,192,4
19:10,107,40,1,279,24
19:11,116,84,1,325,24
19:12,63,48,1,156,2
19:13,105,75,1,172,1
19:14,147,20,1,260,8
19:15,90,70,1,217,8
19:16,80,91,1,213,2
19:17,53,74,1,305,24
19:18,10,7,1,150,8
19:19,30,30,1,111,2
19:20,70,98,1,387,2
19:21,5,59,1,243,1
19:22,13,16,1,159,24
19:23,69,30,1,366,8
19:24,128,83,1,61,1
20:00,26,76,43,231,8
20:03,64,33,8,282,4
20:06,127,31,13,358,24
20:09,34,61,17,322,2
20:12,58,11,7,326,1
20:15,101,87,5,131,2
20:18,103,57,1,169,24
20:21,4,83,3,354,1
20:24,70,4,4,202,24
20:27,93,72,1,45,8
20:30,4,88,1,317,2
20:33,33,79,1,151,4
20:36,61,88,1,84,24
20:39,94,92,1,320,24
20:42,113,46,1,187,2
20:45,99,46,1,39,8
20:48,10,28,1,47,1
20:51,25,92,1,314,8
20:54,90,79,1,176,2
20:57,84,17,1,60,4
21:00,133,76,1,211,24
21:03,130,63,1,308,4
21:06,3,20,1,96,1
21:09,26,59,1,44,4
21:12,121,37,1,244,1
21:15,7,96,1,339,4
21:18,118,67,1,241,1
21:21,70,20,1,283,24
21:24,119,92,1,57,8
21:27,81,34,1,268,2
21:30,129,76,1,359,8
21:33,126,50,1,383,2
22:00,1,68,15,191,24
22:06,114,28,19,321,4
22:12,128,9,9,173,2
22:18,144,26,1,140,1
22:24,94,38,4,62,8
22:30,136,30,2,152,24
22:36,46,19,2,218,4
22:42,80,19,1,198,8
22:48,35,5,1,315,1
22:54,148,63,1,26,4
23:00,111,51,1,381,1
23:06,60,55,1,186,2
23:12,1,33,1,184,8
23:18,132,18,1,306,2
23:24,37,57,1,283,24
23:30,64,10,1,65,2
23:36,59,96,1,148,2
23:42,32,44,1,41,8
23:48,27,63,1,170,8
23:54,129,65,1,352,4
