00:00,68,57,6,177,8
00:06,147,80,18,330,24
00:12,77,14,12,317,4
00:18,114,76,1,79,8
00:24,5,95,4,172,4
00:30,68,27,2,11,1
00:36,67,97,2,207,24
00:42,121,68,1,151,2
00:48,18,25,1,200,4
00:54,129,85,1,250,4
01:00,67,95,1,332,1
01:06,100,63,1,19,24
01:12,12,59,1,88,2
01:18,136,8,1,109,2
01:24,72,31,1,134,24
01:30,67,44,1,150,24
01:36,34,46,1,7,24
01:42,34,68,1,254,1
01:48,61,72,1,110,24
02:00,53,29,9,111,1
02:06,79,61,7,237,2
02:12,147,78,14,1,4
02:18,120,26,11,175,4
02:24,68,80,12,71,4
02:30,103,36,13,212,2
02:36,49,57,4,359,2
02:42,23,32,11,325,24
02:48,114,48,7,202,24
02:54,3,68,2,89,1
03:00,54,12,1,166,2
03:06,79,58,2,102,2
03:12,102,91,1,309,1
03:18,3,70,1,223,8
03:24,90,18,1,153,8
03:30,112,47,1,368,2
03:36,75,90,1,303,8
03:42,46,95,1,342,4
03:48,28,61,1,397,8
03:54,17,18,1,5,8
04:00,40,78,8,317,4
04:03,95,47,64,245,8
04:06,23,30,35,370,1
04:09,147,76,4,398,4
04:12,149,16,13,293,2
04:15,106,66,7,7,4
04:18,145,79,4,392,24
04:21,3,99,3,215,1
04:24,94,47,3,275,2
04:27,91,84,2,197,24
04:30,82,18,1,358,4
04:33,0,10,1,10,1
04:36,66,39,1,96,2
04:39,38,96,1,237,1
04:42,79,2,1,155,2
04:45,7,19,1,122,2
04:48,27,65,1,197,24
04:51,58,92,1,246,8
04:54,97,0,1,333,2
04:57,148,2,1,45,4
05:00,7,56,1,135,1
05:03,93,24,1,314,4
05:06,106,93,1,315,24
05:09,80,56,1,370,4
05:12,32,2,1,182,8
05:15,47,73,1,346,8
05:18,126,92,1,183,1
05:21,116,78,1,268,2
05:24,47,42,1,324,8
05:27,130,44,1,55,8
05:30,38,44,1,195,1
05:33,52,4,1,76,1
05:36,104,11,1,289,1
05:39,35,7,1,385,8
05:42,19,82,1,350,8
05:45,135,97,1,98,24
06:00,64,14,6,220,2
06:01,14,75,15,173,24
06:02,5,84,28,367,4
06:03,100,74,17,387,24
06:04,83,99,6,368,4
06:05,1,76,10,345,24
06:06,123,87,17,209,4
06:07,142,17,21,296,24
06:08,35,6,7,148,8
06:09,137,78,7,92,1
06:10,108,13,5,329,24
06:11,9,8,5,348,4
06:12,67,98,1,259,1
06:13,32,25,1,181,1
06:14,122,58,1,188,4
06:15,81,11,1,256,2
06:16,16,37,1,321,8
06:17,112,36,1,298,24
06:18,62,17,1,237,4
06:19,51,32,1,145,1
06:20,41,83,1,55,4
06:21,15,99,1,2,1
06:22,56,58,1,374,24
06:23,120,85,1,319,1
06:24,144,9,1,389,8
06:25,77,81,1,399,4
06:26,120,50,1,118,24
06:27,5,61,1,331,1
06:28,46,44,1,364,2
06:29,73,75,1,131,8
06:30,55,29,1,367,2
06:31,12,84,1,295,1
06:32,46,77,1,60,24
06:33,71,99,1,366,2
06:34,136,77,1,114,8
06:35,57,22,1,83,4
06:36,98,25,1,87,4
06:37,89,5,1,163,24
06:38,19,95,1,385,8
06:39,123,77,1,352,2
06:40,93,21,1,349,2
06:41,66,99,1,97,2
06:42,147,59,1,299,24
06:43,42,18,1,48,24
06:44,131,91,1,144,2
06:45,67,45,1,27,8
06:46,125,55,1,227,8
06:47,123,67,1,323,2
06:48,24,30,1,352,8
06:49,20,48,1,384,4
06:50,144,31,1,393,4
06:51,149,74,1,138,2
06:52,109,85,1,271,2
06:53,136,38,1,209,8
06:54,24,45,1,365,1
06:55,36,39,1,263,2
06:56,101,0,1,110,2
06:57,94,71,1,145,2
06:58,124,38,1,258,2
06:59,18,10,1,394,1
07:00,18,24,1,349,8
07:01,56,21,1,64,2
07:02,3,15,1,88,1
07:03,103,8,1,260,4
07:04,102,30,1,206,24
07:05,138,16,1,30,2
08:00,21,3,24,360,1
08:06,48,34,8,128,1
08:12,145,21,7,333,4
08:18,51,90,1,61,24
08:24,30,90,5,329,8
08:30,27,84,3,287,1
08:36,31,92,1,186,1
08:42,140,28,7,11,4
08:48,91,96,5,139,1
08:54,80,88,3,146,4
09:00,58,7,1,315,24
09:06,81,24,1,181,24
09:12,121,45,1,234,8
09:18,148,95,1,233,2
09:24,43,90,1,329,8
09:30,139,92,1,109,4
09:36,27,30,1,374,4
09:42,17,66,1,90,2
09:48,114,14,1,52,2
10:00,19,7,26,356,4
10:24,7,86,9,41,4
10:48,121,28,7,398,1
11:12,101,71,7,282,1
11:36,111,77,41,13,2
12:00,101,11,6,378,24
12:13,111,40,47,85,2
12:26,83,38,26,77,4
12:39,42,45,1,68,8
12:52,117,3,16,340,24
13:05,70,90,7,125,24
13:18,68,5,2,161,4
13:31,92,33,1,194,24
13:44,120,13,6,162,24
14:00,39,18,33,126,2
14:05,125,90,15,386,24
14:10,14,39,14,322,1
14:15,5,73,7,389,4
14:20,134,17,6,312,4
14:25,127,78,15,161,24
14:30,108,62,16,166,2
14:35,79,33,12,164,24
14:40,8,44,3,303,8
14:45,26,91,1,32,8
14:50,17,13,5,154,2
14:55,111,48,1,34,1
15:00,90,7,1,389,4
15:05,64,33,3,66,1
15:10,103,93,2,170,24
15:15,49,37,1,184,1
15:20,43,95,1,118,4
15:25,40,1,1,176,2
15:30,144,63,1,216,2
15:35,75,98,1,289,24
15:40,99,26,1,177,8
15:45,70,27,1,152,4
15:50,31,49,1,336,2
16:00,148,32,45,22,24
16:01,17,74,46,349,2
16:02,122,94,57,108,8
16:03,128,67,3,39,1
16:04,15,70,43,52,2
16:05,78,37,19,250,1
16:06,20,96,19,47,24
16:07,17,76,27,308,4
16:08,84,25,1,264,24
16:09,13,90,11,181,8
16:10,119,50,7,305,8
16:11,134,13,3,213,2
16:12,71,26,2,138,4
16:13,72,44,2,33,2
16:14,127,6,2,244,8
16:15,104,63,1,359,2
16:16,32,89,1,342,1
16:17,143,90,1,277,24
16:18,120,11,1,276,24
16:19,62,54,1,80,4
16:20,66,68,1,229,4
16:21,87,18,1,177,2
16:22,91,22,1,362,2
16:23,149,32,1,291,1
16:24,73,80,1,171,4
16:25,110,26,1,375,1
16:26,74,29,1,273,2
16:27,44,60,1,224,4
16:28,109,95,1,186,8
16:29,60,32,1,216,4
16:30,41,77,1,121,4
16:31,73,89,1,9,24
16:32,5,97,1,371,24
16:33,36,25,1,309,1
16:34,148,19,1,371,1
16:35,131,55,1,62,24
16:36,14,31,1,7,4
16:37,148,6,1,15,24
16:38,10,23,1,400,24
16:39,17,71,1,225,24
16:40,38,87,1,150,4
16:41,97,39,1,247,2
16:42,47,24,1,130,1
16:43,24,30,1,147,24
16:44,26,6,1,131,8
16:45,53,25,1,366,24
16:46,69,65,1,313,24
16:47,59,58,1,196,8
16:48,149,59,1,45,4
16:49,35,91,1,5,1
16:50,129,80,1,7,8
16:51,111,18,1,374,8
16:52,7,69,1,390,24
16:53,11,55,1,206,4
16:54,45,35,1,28,8
16:55,11,33,1,57,1
16:56,71,13,1,287,1
16:57,51,17,1,8,2
16:58,56,77,1,153,2
16:59,146,91,1,351,8
17:00,23,35,1,280,4
17:01,131,32,1,150,8
17:02,37,16,1,175,1
17:03,4,25,1,89,8
17:04,55,0,1,100,8
17:05,25,58,1,359,4
17:06,76,64,1,144,24
17:07,106,28,1,295,2
17:08,125,34,1,258,2
17:09,104,0,1,222,4
17:10,141,88,1,316,2
17:11,28,65,1,314,4
17:12,102,69,1,340,2
17:13,128,94,1,139,8
17:14,54,48,1,325,24
17:15,4,17,1,4,8
17:16,107,58,1,75,4
17:17,80,78,1,127,4
17:18,59,84,1,139,8
17:19,103,62,1,70,4
17:20,123,55,1,24,24
18:00,124,8,57,280,2
18:24,24,23,15,20,1
18:48,5,56,5,12,24
19:12,22,79,54,396,24
19:36,14,89,62,11,4
20:00,124,11,36,120,2
20:05,55,77,30,271,1
20:10,31,81,13,394,2
20:15,130,41,3,321,8
20:20,19,70,2,2,1
20:25,83,43,5,315,8
20:30,75,40,1,178,4
20:35,53,83,1,169,24
20:40,5,34,1,96,8
20:45,32,77,1,132,8
20:50,71,34,1,219,4
20:55,105,82,1,317,4
21:00,12,84,1,99,1
21:05,126,19,1,270,24
21:10,125,71,1,175,1
21:15,30,51,1,143,8
21:20,119,7,1,80,8
21:25,7,34,1,195,1
21:30,21,20,1,124,8
21:35,95,87,1,116,8
21:40,134,68,1,93,24
22:00,76,4,3,176,8
22:05,1,47,22,37,8
22:10,112,46,9,263,8
22:15,23,3,2,247,2
22:20,0,14,5,79,1
22:25,132,30,1,93,1
22:30,148,68,3,128,8
22:35,88,22,2,301,8
22:40,51,62,1,391,24
22:45,23,38,1,107,1
22:50,4,0,1,262,1
22:55,114,21,1,200,24
23:00,97,33,1,312,4
23:05,130,90,1,268,8
23:10,136,91,1,134,1
23:15,58,22,1,384,4
23:20,105,90,1,396,24
23:25,28,67,1,245,4
23:30,41,91,1,330,24
23:35,43,9,1,28,24
23:40,111,20,1,166,1
23:45,16,2,1,380,1
23:50,92,85,1,375,2
