00:00,18,18,17,330,4
00:08,81,97,16,369,24
00:16,48,42,3,256,4
00:24,119,70,11,330,4
00:32,80,13,5,200,8
00:40,109,69,1,172,1
00:48,84,85,1,221,4
00:56,132,28,1,385,24
01:04,13,46,1,278,2
01:12,134,16,1,27,2
01:20,85,86,1,54,24
01:28,143,58,1,333,4
01:36,10,6,1,347,4
01:44,35,35,1,313,24
02:00,108,19,26,200,8
02:13,49,50,11,238,24
02:26,134,44,26,298,2
02:39,121,97,2,200,24
02:52,64,99,8,53,8
03:05,20,10,14,399,4
03:18,78,76,5,29,2
03:31,17,64,1,284,8
03:44,7,24,24,225,24
04:00,8,10,69,35,24
04:02,117,27,15,352,8
04:04,33,70,32,371,4
04:06,136,43,29,120,8
04:08,32,30,15,273,8
04:10,40,49,3,337,2
04:12,74,4,1,70,4
04:14,128,10,4,380,1
04:16,87,49,2,240,1
04:18,69,8,2,373,1
04:20,99,6,2,223,1
04:22,60,15,1,107,24
04:24,56,99,1,281,8
04:26,29,95,1,222,24
04:28,69,31,1,377,4
04:30,1,86,1,93,2
04:32,74,47,1,79,1
04:34,102,13,1,291,2
04:36,1,81,1,305,8
04:38,147,26,1,334,8
04:40,94,69,1,73,8
04:42,99,74,1,355,24
04:44,97,47,1,354,24
04:46,67,36,1,216,4
04:48,46,55,1,287,1
04:50,120,81,1,264,8
04:52,10,88,1,21,8
04:54,78,34,1,19,1
04:56,45,62,1,44,4
04:58,83,94,1,107,2
05:00,116,65,1,337,4
05:02,8,81,1,248,1
05:04,109,99,1,150,4
05:06,40,54,1,277,4
05:08,90,65,1,145,1
05:10,92,49,1,193,4
05:12,133,31,1,169,8
05:14,20,53,1,271,8
05:16,16,71,1,285,4
05:18,97,72,1,198,1
05:20,91,30,1,108,24
06:00,31,91,42,272,8
06:06,115,89,10,159,4
06:12,78,90,25,89,2
06:18,83,94,9,202,4
06:24,28,9,39,230,1
06:30,78,4,24,165,24
06:36,30,23,4,118,2
06:42,78,10,12,39,4
06:48,100,8,5,277,2
06:54,82,80,1,198,4
07:00,31,31,3,138,24
07:06,110,99,1,358,1
07:12,106,36,2,149,24
07:18,28,16,1,333,8
07:24,21,3,1,342,1
07:30,84,50,1,124,2
07:36,38,55,1,96,4
07:42,5,9,1,31,1
07:48,115,37,1,23,2
07:54,121,75,1,24,1
08:00,58,64,20,343,2
08:03,39,44,3,166,24
08:06,93,62,14,186,2
08:09,67,79,6,281,2
08:12,88,75,4,203,8
08:15,40,36,9,288,4
08:18,91,2,10,399,2
08:21,0,2,3,374,1
08:24,85,6,2,211,1
08:27,4,66,1,212,24
08:30,71,27,1,118,4
08:33,51,69,1,170,2
08:36,33,70,1,288,8
08:39,56,66,2,326,4
08:42,102,37,1,172,1
08:45,129,23,1,202,4
08:48,23,21,1,321,4
08:51,78,14,1,236,4
08:54,117,82,1,295,2
08:57,50,40,1,52,4
09:00,33,26,1,140,24
09:03,101,82,1,227,24
09:06,109,35,1,383,8
09:09,68,54,1,138,2
09:12,109,94,1,150,8
09:15,106,44,1,336,4
09:18,137,71,1,232,8
09:21,7,91,1,384,24
09:24,122,36,1,227,4
09:27,146,50,1,153,24
09:30,120,66,1,264,8
09:33,5,95,1,156,4
10:00,29,49,12,49,4
10:08,89,60,10,198,4
10:16,80,28,26,371,4
10:24,52,65,2,20,24
10:32,144,9,26,369,24
10:40,8,7,1,227,2
10:48,131,29,2,182,1
10:56,143,30,9,222,2
11:04,24,19,8,363,8
11:12,130,5,1,245,24
11:20,94,8,2,318,1
11:28,103,1,2,298,2
11:36,45,64,1,199,4
11:44,64,64,1,208,4
11:52,17,49,3,320,1
12:00,31,10,2,219,2
12:02,132,93,28,328,4
12:04,73,80,48,396,2
12:06,42,4,10,82,4
12:08,109,7,19,86,2
12:10,141,7,10,136,24
12:12,112,31,3,2,4
12:14,59,43,1,101,2
12:16,138,29,1,346,24
12:18,61,89,4,384,8
12:20,78,25,1,199,1
12:22,70,3,1,211,8
12:24,119,27,1,79,4
12:26,11,62,1,396,2
12:28,28,41,1,371,24
12:30,117,98,1,189,2
12:32,66,22,1,42,1
12:34,55,67,1,395,4
12:36,76,20,1,78,1
12:38,50,34,1,335,1
12:40,28,6,1,29,4
12:42,87,3,1,75,2
12:44,95,84,1,152,24
12:46,64,25,1,129,8
12:48,100,70,1,389,2
12:50,64,77,1,170,1
12:52,146,42,1,206,1
12:54,109,59,1,96,1
12:56,67,9,1,320,4
12:58,26,60,1,132,8
13:00,19,53,1,237,4
13:02,56,82,1,90,4
13:04,115,94,1,139,1
13:06,92,71,1,120,4
13:08,101,88,1,307,24
13:10,138,27,1,139,24
13:12,65,11,1,2,2
13:14,63,53,1,369,8
13:16,79,60,1,251,1
13:18,0,6,1,160,24
13:20,93,17,1,115,1
13:22,143,58,1,13,2
13:24,30,16,1,195,8
13:26,1,76,1,134,1
13:28,76,0,1,74,1
14:00,102,69,27,392,4
14:13,31,77,20,73,4
14:26,67,87,51,388,8
14:39,88,81,11,174,1
14:52,121,37,22,168,1
15:05,26,98,14,326,8
15:18,41,16,1,84,8
15:31,100,73,4,8,2
15:44,140,73,10,46,1
16:00,99,54,72,96,2
16:01,138,92,120,280,24
16:02,125,63,5,75,24
16:03,77,58,4,293,4
16:04,144,65,31,332,2
16:05,115,46,25,191,2
16:06,17,5,13,392,8
16:07,21,84,11,397,4
16:08,140,1,19,260,2
16:09,140,41,6,85,24
16:10,59,70,12,28,4
16:11,100,90,14,26,1
16:12,52,61,9,387,24
16:13,139,86,7,153,2
16:14,119,69,4,127,1
16:15,133,40,1,26,24
16:16,137,83,1,141,24
16:17,107,25,1,400,1
16:18,9,86,1,335,4
16:19,144,98,1,118,1
16:20,54,93,1,291,1
16:21,54,46,1,205,4
16:22,74,90,1,37,4
16:23,111,36,1,107,4
16:24,41,59,1,196,24
16:25,106,34,1,202,4
16:26,12,0,1,213,1
16:27,2,37,1,73,8
16:28,112,7,1,176,1
16:29,132,96,1,329,2
16:30,80,7,1,32,1
16:31,22,8,1,304,4
16:32,94,34,1,375,8
16:33,118,39,1,74,4
16:34,51,26,1,184,2
16:35,10,93,1,371,4
16:36,26,20,1,364,1
16:37,108,62,1,366,8
16:38,23,76,1,78,24
16:39,93,34,1,81,2
16:40,75,3,1,191,4
16:41,123,56,1,183,2
16:42,19,29,1,275,4
16:43,36,34,1,156,8
16:44,140,63,1,321,1
16:45,31,59,1,133,1
16:46,109,18,1,374,8
16:47,140,94,1,181,2
16:48,89,98,1,195,1
16:49,86,28,1,361,8
16:50,78,53,1,123,24
16:51,134,58,1,141,4
16:52,68,41,1,326,1
16:53,85,92,1,340,8
16:54,138,61,1,97,1
16:55,21,95,1,245,1
16:56,93,64,1,91,8
16:57,29,56,1,168,4
16:58,92,41,1,378,2
16:59,62,46,1,93,1
17:00,71,65,1,68,24
17:01,58,20,1,261,1
17:02,55,36,1,134,8
17:03,114,33,1,71,1
17:04,92,13,1,224,1
17:05,24,27,1,157,2
17:06,30,49,1,199,4
17:07,64,9,1,212,24
17:08,22,56,1,82,1
17:09,23,32,1,32,1
17:10,70,88,1,285,4
17:11,111,66,1,325,1
17:12,85,4,1,281,8
17:13,146,26,1,143,1
17:14,44,42,1,58,8
17:15,5,81,1,91,4
17:16,141,5,1,312,2
17:17,28,4,1,348,8
17:18,31,64,1,126,24
17:19,130,67,1,295,4
17:20,50,98,1,366,1
17:21,140,88,1,71,8
17:22,127,20,1,140,4
17:23,34,82,1,217,8
17:24,136,81,1,382,4
17:25,131,67,1,65,1
17:26,37,89,1,82,1
17:27,107,75,1,67,8
17:28,25,34,1,392,4
17:29,122,78,1,43,4
17:30,23,26,1,372,1
17:31,57,29,1,374,4
17:32,35,24,1,61,8
17:33,37,82,1,103,24
17:34,60,27,1,352,4
17:35,145,47,1,355,2
18:00,13,67,28,263,4
18:02,17,60,21,314,8
18:04,112,58,72,107,8
18:06,81,95,46,12,8
18:08,42,21,1,157,8
18:10,10,3,31,3,24
18:12,121,82,12,104,8
18:14,122,52,11,347,24
18:16,121,64,5,209,1
18:18,16,73,4,178,8
18:20,51,10,3,360,8
18:22,27,94,1,220,24
18:24,96,72,1,159,4
18:26,6,6,1,247,24
18:28,139,4,1,234,2
18:30,14,88,1,169,2
18:32,140,77,1,362,2
18:34,107,10,1,88,1
18:36,109,89,1,25,4
18:38,54,60,1,65,24
18:40,93,70,1,102,8
18:42,11,49,1,163,4
18:44,103,38,1,304,2
18:46,50,65,1,162,24
18:48,3,80,1,399,4
18:50,8,74,1,165,24
18:52,146,65,1,171,8
18:54,4,23,1,200,1
18:56,100,51,1,290,8
18:58,104,0,1,314,4
19:00,99,98,1,279,24
19:02,75,73,1,112,2
19:04,8,14,1,366,8
19:06,123,94,1,64,8
19:08,147,78,1,145,2
19:10,44,9,1,7,24
19:12,61,72,1,221,1
19:14,65,43,1,116,8
19:16,48,54,1,262,8
19:18,9,39,1,219,4
19:20,147,67,1,367,1
19:22,5,43,1,67,1
19:24,129,16,1,178,2
19:26,65,52,1,8,8
19:28,97,12,1,174,8
19:30,52,3,1,249,8
19:32,65,12,1,340,8
19:34,147,75,1,251,4
19:36,99,15,1,122,2
19:38,46,68,1,116,1
19:40,2,27,1,280,24
20:00,30,49,10,170,8
20:06,86,40,4,352,8
20:12,102,35,22,283,24
20:18,147,71,20,367,24
20:24,148,5,27,246,24
20:30,67,16,4,393,4
20:36,113,83,10,44,8
20:42,39,34,2,236,2
20:48,80,66,8,389,4
20:54,23,31,4,175,8
21:00,77,98,1,382,4
21:06,149,4,2,12,8
21:12,129,22,1,10,24
21:18,110,29,1,400,24
21:24,94,14,1,389,2
21:30,112,73,1,199,4
21:36,7,19,1,46,2
21:42,34,70,1,134,4
21:48,53,83,1,394,4
22:00,144,77,24,388,4
22:06,6,78,1,27,1
22:12,84,26,17,110,1
22:18,68,5,6,48,24
22:24,66,81,6,93,2
22:30,96,73,1,58,4
22:36,25,31,1,260,8
22:42,28,79,2,98,4
22:48,100,21,1,296,4
22:54,19,56,1,266,24
23:00,127,78,1,40,1
23:06,70,62,1,163,1
23:12,25,75,1,229,4
23:18,146,5,1,70,4
23:24,33,69,1,352,2
23:30,5,44,1,66,4
23:36,64,87,1,34,4
23:42,144,71,1,215,2
