00:00,80,33,4,367,2
00:07,48,0,2,93,2
00:14,78,7,1,370,4
00:21,98,74,13,146,24
00:28,48,19,3,101,4
00:35,98,41,5,344,1
00:42,69,65,1,68,8
00:49,112,60,2,24,1
00:56,121,76,1,239,24
01:03,91,83,1,62,4
01:10,94,20,1,366,24
01:17,76,79,1,15,4
01:24,142,7,1,217,4
01:31,7,65,1,255,8
01:38,111,41,1,262,2
01:45,58,54,1,152,8
02:00,93,51,9,386,4
02:15,70,96,17,217,8
02:30,80,12,16,164,24
02:45,50,6,2,296,4
03:00,94,73,3,141,8
03:15,145,15,4,173,2
03:30,25,69,1,357,1
03:45,31,95,16,364,8
04:00,2,94,24,206,4
04:05,139,9,36,85,24
04:10,115,27,17,287,2
04:15,51,79,11,351,4
04:20,134,67,4,49,8
04:25,61,90,4,69,2
04:30,124,3,3,324,8
04:35,122,80,1,365,2
04:40,78,24,1,237,24
04:45,104,37,1,160,1
04:50,120,64,1,38,2
04:55,143,6,1,148,1
05:00,82,16,1,180,4
05:05,124,58,1,254,24
05:10,29,80,1,166,1
05:15,66,57,1,358,1
05:20,143,45,1,269,4
05:25,50,28,1,248,24
05:30,66,71,1,304,2
05:35,36,67,1,100,1
05:40,30,12,1,232,1
05:45,55,67,1,222,8
06:00,110,9,17,276,4
06:02,123,4,21,298,2
06:04,120,64,18,178,4
06:06,52,20,18,194,24
06:08,9,94,13,182,4
06:10,43,48,2,94,24
06:12,148,27,6,146,4
06:14,4,7,2,269,24
06:16,75,17,2,261,2
06:18,73,6,1,179,24
06:20,38,76,1,257,4
06:22,41,39,1,222,2
06:24,113,5,1,131,2
06:26,41,65,1,266,24
06:28,24,17,1,127,2
06:30,113,2,1,137,2
06:32,84,64,1,155,8
06:34,22,11,1,182,24
06:36,79,32,1,210,2
06:38,1,52,1,61,24
06:40,122,34,1,258,1
06:42,84,51,1,285,24
06:44,87,79,1,206,8
06:46,111,45,1,76,24
06:48,24,99,1,221,2
06:50,45,44,1,51,24
06:52,64,10,1,121,1
06:54,58,99,1,78,8
06:56,57,58,1,17,8
06:58,102,26,1,286,24
07:00,44,43,1,103,8
07:02,7,27,1,343,8
07:04,98,19,1,355,8
07:06,10,42,1,66,8
07:08,53,82,1,303,8
07:10,24,98,1,348,4
07:12,121,26,1,328,1
07:14,63,77,1,292,4
07:16,131,20,1,3,2
07:18,15,0,1,209,2
07:20,119,94,1,230,4
07:22,135,80,1,330,8
08:00,78,1,8,180,8
08:05,65,86,20,204,2
08:10,131,33,10,88,2
08:15,80,97,4,348,2
08:20,12,27,1,148,8
08:25,98,16,3,5,4
08:30,147,82,1,278,1
08:35,85,71,1,121,8
08:40,69,39,1,33,8
08:45,106,86,1,210,8
08:50,73,41,1,387,8
08:55,48,78,1,356,1
09:00,59,72,1,305,24
09:05,71,56,1,167,4
09:10,20,51,1,135,2
09:15,100,94,1,57,8
09:20,90,74,1,2,4
09:25,120,4,1,89,4
09:30,48,8,1,343,8
09:35,9,35,1,29,1
09:40,31,83,1,90,8
10:00,17,41,32,242,8
10:17,100,54,4,373,4
10:34,13,2,13,380,2
10:51,136,13,7,265,24
11:08,80,46,1,93,2
11:25,62,87,1,174,8
11:42,11,70,8,393,4
12:00,139,8,12,200,1
12:04,117,40,34,123,1
12:08,51,0,7,39,2
12:12,39,19,7,253,1
12:16,64,52,10,216,4
12:20,18,20,4,307,4
12:24,3,50,3,150,8
12:28,54,19,2,318,1
12:32,96,29,1,33,4
12:36,34,59,1,24,2
12:40,107,24,1,359,24
12:44,108,71,1,296,24
12:48,7,58,1,29,2
12:52,72,55,1,26,8
12:56,16,37,1,179,2
13:00,83,99,1,359,4
13:04,129,36,1,173,4
13:08,119,76,1,78,8
13:12,26,30,1,276,8
13:16,13,2,1,241,8
13:20,105,13,1,83,2
13:24,75,59,1,327,2
13:28,98,23,1,27,1
13:32,50,45,1,200,8
13:36,18,56,1,128,4
13:40,23,91,1,388,1
13:44,146,78,1,89,4
13:48,22,37,1,396,4
13:52,69,32,1,148,4
14:00,96,98,32,381,1
14:04,118,50,31,276,2
14:08,37,77,12,96,2
14:12,112,88,9,268,8
14:16,138,18,2,303,24
14:20,108,15,2,221,2
14:24,146,58,3,291,8
14:28,75,67,2,318,24
14:32,63,68,1,348,4
14:36,36,27,1,135,8
14:40,7,15,1,45,24
14:44,27,61,2,89,4
14:48,42,3,1,66,8
14:52,67,17,1,17,8
14:56,121,28,1,91,8
15:00,128,58,1,259,2
15:04,146,0,1,102,2
15:08,63,60,1,293,24
15:12,59,2,1,393,4
15:16,136,3,1,130,24
15:20,19,6,1,160,4
15:24,107,87,1,358,1
15:28,149,61,1,140,8
15:32,130,33,1,164,8
15:36,2,27,1,287,8
15:40,113,47,1,305,8
15:44,8,52,1,354,4
15:48,129,87,1,278,1
16:00,137,17,13,119,8
16:02,64,0,48,364,8
16:04,144,8,52,358,1
16:06,149,13,34,127,4
16:08,118,21,1,128,2
16:10,99,67,2,302,24
16:12,25,68,22,248,2
16:14,133,67,13,140,2
16:16,144,75,6,260,24
16:18,17,56,1,226,24
16:20,20,74,2,191,8
16:22,26,17,3,192,24
16:24,111,35,2,117,24
16:26,13,40,1,121,4
16:28,115,49,1,183,2
16:30,32,71,1,159,4
16:32,70,49,1,157,24
16:34,6,93,1,273,4
16:36,60,92,1,90,2
16:38,51,34,1,132,24
16:40,71,20,1,36,8
16:42,101,11,1,81,2
16:44,31,34,1,134,4
16:46,5,23,1,165,1
16:48,32,34,1,62,4
16:50,122,49,1,64,2
16:52,80,43,1,47,1
16:54,81,31,1,55,4
16:56,128,12,1,240,24
16:58,145,63,1,98,1
17:00,25,0,1,251,8
17:02,77,1,1,191,24
17:04,101,71,1,351,24
17:06,137,74,1,77,2
17:08,54,99,1,31,2
17:10,38,20,1,130,8
17:12,141,88,1,128,24
17:14,43,92,1,149,1
17:16,77,41,1,15,24
17:18,8,46,1,340,24
17:20,63,28,1,9,24
17:22,63,48,1,368,1
17:24,84,61,1,257,8
17:26,113,76,1,188,8
17:28,22,44,1,173,24
18:00,118,31,14,312,4
18:06,135,94,45,303,8
18:12,53,97,19,195,1
18:18,1,83,22,261,1
18:24,98,57,10,169,8
18:30,8,27,2,329,2
18:36,66,63,6,15,8
18:42,147,65,6,235,8
18:48,63,23,4,338,24
18:54,19,63,1,104,24
19:00,28,19,2,236,8
19:06,125,78,1,211,1
19:12,107,20,1,174,1
19:18,128,38,1,45,24
19:24,114,49,1,227,4
19:30,84,65,1,10,4
19:36,64,56,1,4,8
19:42,41,24,1,295,1
19:48,69,25,1,345,24
20:00,96,29,4,339,1
20:04,8,6,10,144,8
20:08,142,99,11,112,24
20:12,79,48,12,350,24
20:16,60,7,6,41,8
20:20,73,68,11,195,8
20:24,57,63,2,124,24
20:28,38,88,5,371,4
20:32,78,20,3,358,4
20:36,36,41,1,197,1
20:40,121,30,1,322,8
20:44,110,10,1,184,24
20:48,53,35,1,361,1
20:52,82,55,1,176,1
20:56,95,40,1,98,4
21:00,45,16,1,279,24
21:04,95,36,1,343,8
21:08,79,11,1,216,2
21:12,94,2,1,55,8
21:16,115,1,1,20,24
21:20,112,44,1,387,2
21:24,32,71,1,304,24
21:28,74,19,1,67,4
21:32,58,58,1,308,8
21:36,71,61,1,321,24
22:00,21,78,1,13,4
22:12,8,10,12,278,1
22:24,8,35,9,39,24
22:36,2,14,4,20,24
22:48,131,25,3,400,4
23:00,80,18,2,253,1
23:12,72,91,1,80,2
23:24,134,45,1,202,1
23:36,105,9,1,188,2
23:48,5,36,1,189,1
