00:00,74,92,7,22,2
00:09,28,8,14,308,4
00:18,75,6,4,400,2
00:27,7,71,6,258,4
00:36,10,0,2,221,8
00:45,69,30,1,281,8
00:54,135,49,2,334,8
01:03,148,99,1,331,4
01:12,70,8,1,291,24
01:21,111,99,1,170,8
01:30,93,34,1,139,8
01:39,127,54,1,170,8
01:48,36,55,1,89,4
02:00,20,77,22,22,2
02:04,20,20,17,276,1
02:08,135,71,7,395,8
02:12,125,66,10,302,1
02:16,48,4,10,8,4
02:20,136,52,1,359,24
02:24,81,90,4,213,8
02:28,139,91,1,315,2
02:32,23,40,2,332,4
02:36,100,12,1,327,2
02:40,119,6,1,160,24
02:44,99,84,1,298,8
02:48,92,70,1,64,24
02:52,17,34,1,225,8
02:56,143,59,1,399,24
03:00,22,92,1,370,8
03:04,83,51,1,258,8
03:08,61,22,1,373,2
03:12,56,34,1,38,4
03:16,57,10,1,119,24
03:20,67,95,1,376,2
03:24,62,29,1,104,1
03:28,34,92,1,267,8
03:32,111,24,1,60,4
03:36,103,14,1,5,24
03:40,44,69,1,13,24
03:44,25,7,1,322,2
04:00,117,93,11,205,8
04:12,85,62,25,290,1
04:24,137,36,28,241,8
04:36,32,17,19,131,8
04:48,120,98,15,115,8
05:00,115,50,7,104,1
05:12,2,91,2,132,8
05:24,7,79,3,51,2
05:36,132,41,1,390,24
05:48,139,12,3,276,2
06:00,128,20,40,160,2
06:04,131,42,25,93,1
06:08,129,80,5,132,1
06:12,41,37,18,188,1
06:16,20,92,5,188,8
06:20,2,17,3,301,2
06:24,9,73,9,53,4
06:28,130,56,1,311,1
06:32,43,31,1,270,1
06:36,102,7,1,210,2
06:40,111,2,2,88,1
06:44,114,37,1,258,4
06:48,18,76,1,80,4
06:52,140,33,1,270,24
06:56,139,68,1,286,4
07:00,128,15,1,309,2
07:04,11,20,1,47,24
07:08,33,85,1,150,4
07:12,65,42,1,243,4
07:16,14,3,1,245,1
07:20,37,3,1,112,1
07:24,32,72,1,56,8
07:28,29,79,1,350,24
07:32,51,58,1,138,1
07:36,127,76,1,57,8
07:40,60,81,1,329,24
07:44,115,22,1,291,24
07:48,122,56,1,360,8
08:00,63,89,15,149,24
08:10,108,88,17,303,2
08:20,21,2,6,389,1
08:30,104,11,7,373,4
08:40,37,95,1,346,1
08:50,33,35,2,367,8
09:00,10,97,2,39,4
09:10,4,4,1,6,24
09:20,99,98,1,397,8
09:30,58,70,1,5,24
09:40,149,40,1,262,24
09:50,118,7,1,354,4
10:00,113,19,29,375,24
10:03,57,16,14,397,4
10:06,137,27,8,22,2
10:09,14,52,7,277,4
10:12,45,31,2,23,24
10:15,8,89,1,5,1
10:18,82,55,4,199,24
10:21,92,24,1,85,2
10:24,113,9,1,168,24
10:27,31,14,1,366,1
10:30,22,50,1,194,2
10:33,23,71,1,224,1
10:36,98,73,1,282,24
10:39,97,73,1,371,24
10:42,149,46,1,151,4
10:45,149,20,1,260,1
10:48,96,67,1,70,4
10:51,141,93,1,216,1
10:54,35,96,1,23,4
10:57,52,51,1,169,24
11:00,90,83,1,351,1
11:03,38,29,1,391,8
11:06,93,30,1,325,2
11:09,17,25,1,18,1
11:12,31,21,1,181,24
11:15,89,30,1,242,2
11:18,41,37,1,320,2
11:21,34,71,1,208,4
11:24,82,5,1,266,4
11:27,99,98,1,282,1
11:30,68,81,1,155,8
11:33,11,26,1,114,2
11:36,16,86,1,255,1
11:39,37,1,1,96,24
11:42,130,80,1,182,1
12:00,92,42,28,111,2
12:05,14,91,22,254,4
12:10,61,46,10,194,24
12:15,67,67,8,372,4
12:20,110,72,3,235,4
12:25,100,87,4,142,8
12:30,117,22,2,212,1
12:35,10,27,6,99,2
12:40,5,43,2,133,2
12:45,34,99,1,220,8
12:50,58,35,1,177,4
12:55,65,96,1,197,2
13:00,126,13,1,246,8
13:05,128,61,1,243,1
13:10,125,12,1,35,4
13:15,7,11,1,191,4
13:20,89,8,1,336,4
13:25,38,74,1,202,24
13:30,16,46,1,330,2
13:35,98,87,1,92,4
13:40,84,92,1,65,8
13:45,7,51,1,158,24
13:50,66,48,1,40,1
13:55,39,6,1,383,24
14:00,17,14,34,229,2
14:02,23,28,8,223,1
14:04,107,81,7,7,24
14:06,17,18,2,167,2
14:08,42,81,11,356,2
14:10,5,87,11,304,1
14:12,136,65,14,368,8
14:14,32,77,8,383,8
14:16,63,45,1,273,4
14:18,108,9,7,70,2
14:20,6,66,3,77,4
14:22,63,87,1,294,8
14:24,86,27,1,147,8
14:26,97,42,1,345,2
14:28,137,35,1,257,1
14:30,67,98,1,338,24
14:32,130,44,1,348,2
14:34,143,95,1,11,1
14:36,136,12,1,206,1
14:38,83,70,1,296,2
14:40,142,21,1,215,8
14:42,60,49,1,227,2
14:44,148,28,1,249,4
14:46,137,97,1,72,8
14:48,142,18,1,268,24
14:50,75,69,1,202,2
14:52,7,22,1,299,1
14:54,45,84,1,108,24
14:56,76,17,1,84,4
14:58,91,7,1,232,1
15:00,13,65,1,300,4
15:02,87,73,1,11,2
15:04,118,55,1,121,4
15:06,59,93,1,327,8
15:08,135,88,1,199,8
15:10,96,48,1,352,1
15:12,30,80,1,84,1
15:14,66,40,1,144,24
15:16,57,6,1,132,8
15:18,144,86,1,227,2
15:20,30,25,1,349,2
15:22,149,93,1,75,24
15:24,80,91,1,123,4
15:26,100,4,1,286,4
15:28,92,24,1,397,1
15:30,109,40,1,19,1
15:32,70,87,1,151,1
15:34,112,32,1,296,24
15:36,77,86,1,174,1
15:38,90,91,1,303,8
15:40,81,93,1,239,1
15:42,51,98,1,204,8
15:44,126,78,1,25,8
15:46,21,27,1,280,4
15:48,138,32,1,254,4
15:50,76,3,1,97,1
15:52,73,8,1,277,24
16:00,31,26,38,186,4
16:08,95,89,71,137,24
16:16,58,91,49,222,24
16:24,7,87,24,379,1
16:32,51,69,11,328,8
16:40,91,92,8,245,2
16:48,108,1,8,161,2
16:56,97,14,6,91,2
17:04,67,4,5,329,4
17:12,101,78,1,119,4
17:20,99,7,2,183,8
17:28,102,30,1,391,24
17:36,81,60,1,241,24
17:44,121,88,1,331,8
17:52,104,9,1,362,24
18:00,127,2,19,347,2
18:01,65,62,8,137,8
18:02,74,64,57,8,2
18:03,2,75,33,201,4
18:04,28,20,14,121,4
18:05,71,54,2,365,24
18:06,92,11,5,188,24
18:07,42,17,6,305,24
18:08,66,47,3,247,1
18:09,113,93,1,55,2
18:10,78,42,1,124,1
18:11,138,17,1,148,1
18:12,37,25,1,248,2
18:13,23,5,1,374,8
18:14,76,66,1,100,1
18:15,55,4,1,182,24
18:16,106,71,1,129,4
18:17,126,82,1,49,4
18:18,22,83,1,216,24
18:19,50,94,1,360,4
18:20,69,3,1,211,4
18:21,54,77,1,385,24
18:22,135,24,1,130,24
18:23,105,1,1,244,1
18:24,2,49,1,119,2
18:25,5,99,1,383,1
18:26,30,6,1,106,1
18:27,149,2,1,163,2
18:28,121,98,1,262,1
18:29,43,62,1,229,1
18:30,60,41,1,10,2
18:31,15,50,1,317,8
18:32,82,42,1,73,24
18:33,113,30,1,58,4
18:34,11,59,1,10,8
18:35,38,21,1,204,8
18:36,87,96,1,392,4
18:37,143,96,1,121,2
18:38,38,72,1,131,4
18:39,113,29,1,249,24
18:40,5,32,1,110,4
18:41,22,93,1,10,1
18:42,36,70,1,63,1
18:43,116,99,1,301,8
18:44,141,3,1,83,4
18:45,16,11,1,54,4
18:46,7,53,1,311,24
18:47,104,52,1,160,1
18:48,109,14,1,303,1
18:49,88,38,1,183,4
18:50,88,51,1,259,2
18:51,142,80,1,108,1
18:52,35,38,1,397,2
18:53,123,75,1,53,2
18:54,79,36,1,44,4
18:55,35,97,1,138,24
18:56,143,96,1,212,2
18:57,108,15,1,217,2
18:58,93,98,1,172,8
18:59,70,44,1,114,4
19:00,114,69,1,255,8
19:01,131,88,1,380,2
19:02,145,25,1,187,1
19:03,66,42,1,174,2
19:04,135,42,1,181,8
19:05,7,6,1,295,8
20:00,148,18,12,267,8
20:13,122,39,14,349,2
20:26,124,78,11,131,4
20:39,137,11,14,251,4
20:52,146,97,11,125,24
21:05,36,88,6,191,4
21:18,43,38,3,256,1
21:31,144,38,2,106,2
21:44,25,77,2,62,24
22:00,119,97,16,3,1
22:06,61,41,9,39,1
22:12,134,49,6,122,4
22:18,113,57,4,135,4
22:24,18,84,1,332,24
22:30,10,98,1,211,4
22:36,24,82,1,21,24
22:42,138,5,1,164,2
22:48,20,42,1,236,2
22:54,118,80,1,239,1
23:00,55,56,1,399,1
23:06,35,55,1,187,4
23:12,129,52,1,158,2
23:18,12,49,1,197,1
23:24,2,51,1,272,4
23:30,103,10,1,234,2
23:36,52,11,1,156,24
23:42,108,50,1,335,24
23:48,5,95,1,113,4
23:54,128,80,1,393,4
