00:00,127,0,15,247,24
00:05,104,73,13,148,2
00:10,36,44,5,367,1
00:15,55,5,3,326,2
00:20,124,76,8,208,8
00:25,107,10,3,289,24
00:30,65,57,3,17,2
00:35,90,12,2,371,2
00:40,6,9,1,87,24
00:45,149,46,1,72,4
00:50,69,74,1,95,4
00:55,115,85,1,20,8
01:00,33,33,1,241,24
01:05,119,85,1,182,1
01:10,145,21,1,334,1
01:15,52,10,1,114,2
01:20,96,50,1,188,2
01:25,29,63,1,31,4
01:30,47,68,1,53,1
01:35,34,65,1,41,1
01:40,39,29,1,390,2
02:00,96,88,6,133,4
02:06,89,24,31,371,2
02:12,16,39,14,219,8
02:18,100,40,23,103,4
02:24,74,85,13,239,24
02:30,131,29,6,241,4
02:36,104,1,5,124,1
02:42,2,11,2,320,8
02:48,134,44,1,225,1
02:54,56,21,1,50,4
03:00,26,65,2,389,24
03:06,148,48,1,188,24
03:12,45,51,2,327,1
03:18,22,99,1,245,8
03:24,24,45,1,335,4
03:30,141,48,1,266,4
03:36,3,93,1,223,2
03:42,92,78,1,98,1
03:48,134,18,1,303,4
03:54,146,66,1,342,4
04:00,38,18,31,285,2
04:01,54,45,3,91,24
04:02,102,92,33,392,2
04:03,1,43,5,22,24
04:04,11,90,45,373,24
04:05,6,13,1,239,8
04:06,80,47,16,193,24
04:07,7,47,2,68,24
04:08,88,57,1,297,4
04:09,108,7,7,109,4
04:10,37,17,10,158,4
04:11,149,37,2,237,2
04:12,33,34,4,34,8
04:13,37,6,2,44,4
04:14,14,31,1,342,4
04:15,35,70,1,357,8
04:16,3,73,1,163,8
04:17,3,50,1,73,24
04:18,111,28,1,208,1
04:19,58,34,1,118,1
04:20,98,35,1,131,1
04:21,136,77,1,140,2
04:22,29,90,1,263,24
04:23,81,64,1,128,1
04:24,31,16,1,268,24
04:25,140,66,1,140,4
04:26,97,74,1,212,1
04:27,120,26,1,348,8
04:28,79,54,1,247,8
04:29,18,40,1,291,2
04:30,14,81,1,368,2
04:31,19,40,1,244,24
04:32,19,66,1,94,4
04:33,75,21,1,329,2
04:34,6,33,1,212,4
04:35,18,27,1,80,1
04:36,135,96,1,249,1
04:37,135,33,1,40,8
04:38,111,17,1,216,1
04:39,114,20,1,152,2
04:40,6,65,1,65,24
04:41,99,55,1,153,8
04:42,114,71,1,55,4
04:43,107,13,1,216,8
04:44,52,79,1,304,1
04:45,81,94,1,5,4
04:46,75,24,1,185,1
04:47,113,98,1,310,2
04:48,56,43,1,63,4
04:49,13,36,1,164,24
04:50,39,9,1,182,2
04:51,6,56,1,28,24
04:52,145,5,1,102,1
04:53,16,22,1,368,24
04:54,122,11,1,137,1
04:55,136,29,1,340,1
04:56,148,6,1,382,2
04:57,99,64,1,114,4
04:58,146,80,1,282,1
04:59,8,96,1,358,1
05:00,70,57,1,49,4
05:01,73,21,1,354,1
05:02,96,39,1,289,2
05:03,88,32,1,267,2
05:04,105,48,1,8,8
05:05,29,76,1,26,2
06:00,64,50,24,38,2
06:02,43,81,27,235,2
06:04,117,22,18,19,24
06:06,78,44,29,142,24
06:08,4,34,18,176,8
06:10,78,92,11,303,2
06:12,131,1,2,59,8
06:14,52,19,2,353,4
06:16,121,92,6,292,24
06:18,101,47,5,355,1
06:20,64,11,4,372,8
06:22,142,47,7,119,2
06:24,97,35,4,279,1
06:26,47,80,2,73,2
06:28,128,72,1,294,2
06:30,13,1,2,147,24
06:32,143,53,1,67,1
06:34,70,53,1,223,2
06:36,94,14,1,129,24
06:38,6,91,1,83,8
06:40,58,15,1,301,24
06:42,66,80,1,377,24
06:44,99,67,1,231,1
06:46,132,60,1,82,2
06:48,119,81,1,355,2
06:50,58,51,1,69,8
06:52,111,88,1,89,1
06:54,121,27,1,106,24
06:56,118,67,1,339,8
06:58,137,93,1,159,24
07:00,48,96,1,225,4
07:02,72,91,1,358,8
07:04,82,82,1,184,1
07:06,93,97,1,117,4
07:08,8,86,1,319,4
07:10,6,83,1,293,4
07:12,9,71,1,17,24
07:14,52,13,1,131,2
07:16,0,85,1,175,1
07:18,137,24,1,18,8
07:20,12,42,1,331,8
07:22,81,82,1,87,1
07:24,71,52,1,13,4
07:26,110,21,1,220,24
07:28,52,0,1,369,8
07:30,78,60,1,317,1
07:32,38,3,1,39,4
07:34,138,33,1,62,2
07:36,132,40,1,274,24
07:38,135,90,1,211,8
07:40,3,75,1,298,1
07:42,122,96,1,279,4
07:44,127,8,1,58,8
07:46,90,19,1,294,2
07:48,91,25,1,178,24
07:50,77,88,1,274,8
07:52,143,36,1,326,8
07:54,27,37,1,273,1
07:56,120,54,1,365,1
07:58,57,25,1,46,8
08:00,129,81,11,355,2
08:15,106,76,19,8,1
08:30,79,20,11,86,1
08:45,84,34,10,224,24
09:00,37,24,4,227,2
09:15,21,20,4,220,8
09:30,142,3,6,231,1
09:45,9,11,8,96,24
10:00,77,37,6,96,24
10:03,98,90,14,352,4
10:06,123,10,11,388,4
10:09,54,13,3,355,8
10:12,57,23,11,346,24
10:15,19,69,20,152,8
10:18,81,68,14,54,24
10:21,144,17,2,221,1
10:24,146,98,3,289,2
10:27,134,45,1,233,24
10:30,64,22,2,299,24
10:33,129,91,5,34,1
10:36,36,6,2,241,24
10:39,142,1,2,41,2
10:42,122,12,1,92,24
10:45,29,41,1,209,24
10:48,95,53,1,365,4
10:51,1,42,1,397,24
10:54,147,65,1,360,8
10:57,23,79,1,100,4
11:00,65,8,1,123,2
11:03,61,61,1,319,2
11:06,44,28,1,204,2
11:09,3,45,1,109,24
11:12,8,59,1,258,8
11:15,141,3,1,64,2
11:18,5,72,1,313,1
11:21,10,8,1,350,24
11:24,76,70,1,243,24
11:27,31,25,1,82,4
11:30,95,36,1,178,8
11:33,9,10,1,56,8
11:36,37,35,1,46,1
11:39,45,8,1,276,1
11:42,13,4,1,277,2
11:45,64,3,1,348,24
11:48,142,75,1,262,24
12:00,65,35,58,308,1
12:02,135,2,22,42,2
12:04,25,99,15,44,8
12:06,18,13,2,272,1
12:08,13,89,13,128,8
12:10,23,57,1,40,2
12:12,138,92,1,63,1
12:14,2,47,2,143,24
12:16,60,89,2,179,2
12:18,129,81,1,193,4
12:20,132,64,1,61,1
12:22,64,17,1,192,1
12:24,144,80,2,321,2
12:26,129,44,1,365,4
12:28,74,84,1,48,8
12:30,107,73,1,347,2
12:32,92,61,1,330,4
12:34,146,6,1,14,4
12:36,21,23,1,332,2
12:38,39,12,1,240,8
12:40,11,74,1,182,4
12:42,67,52,1,154,2
12:44,123,11,1,78,4
12:46,46,52,1,188,24
12:48,128,39,1,125,24
12:50,142,74,1,394,8
12:52,40,71,1,337,8
12:54,144,83,1,106,4
12:56,40,27,1,201,8
12:58,138,77,1,23,1
13:00,65,27,1,205,4
13:02,49,81,1,32,4
13:04,90,80,1,83,1
13:06,99,66,1,73,2
13:08,46,41,1,283,4
13:10,53,64,1,297,8
13:12,98,87,1,132,1
13:14,14,54,1,251,4
13:16,95,32,1,116,8
13:18,3,96,1,222,8
13:20,51,97,1,324,24
13:22,123,10,1,293,4
13:24,120,83,1,177,2
13:26,48,3,1,39,2
13:28,26,66,1,125,8
14:00,102,1,1,204,24
14:04,95,3,8,318,4
14:08,58,37,50,104,24
14:12,67,43,24,293,2
14:16,128,23,13,59,4
14:20,75,46,18,146,24
14:24,74,27,3,299,2
14:28,109,0,4,156,2
14:32,97,20,3,272,4
14:36,88,62,2,114,4
14:40,48,84,9,53,4
14:44,107,26,6,171,24
14:48,149,13,3,377,2
14:52,85,86,1,246,2
14:56,70,66,1,209,24
15:00,71,42,1,100,4
15:04,59,8,1,377,2
15:08,20,98,1,300,4
15:12,8,85,1,255,8
15:16,134,5,1,125,8
15:20,17,61,1,286,2
15:24,112,73,1,296,8
15:28,27,17,1,311,24
15:32,136,98,1,128,2
15:36,11,39,1,162,8
15:40,70,52,1,255,1
15:44,4,17,1,394,1
16:00,53,9,82,367,8
16:01,111,25,20,325,24
16:02,112,71,35,268,2
16:03,77,47,31,11,24
16:04,69,10,13,213,1
16:05,69,81,17,113,8
16:06,10,16,20,335,8
16:07,120,98,4,197,4
16:08,35,73,49,387,24
16:09,81,33,12,220,4
16:10,59,87,21,202,1
16:11,96,43,3,86,4
16:12,59,65,4,398,8
16:13,9,28,6,244,1
16:14,111,25,5,171,1
16:15,30,16,4,17,4
16:16,11,4,1,135,2
16:17,124,31,1,376,4
16:18,134,22,1,311,4
16:19,71,46,1,76,4
16:20,96,18,1,39,1
16:21,21,54,1,236,1
16:22,81,46,1,59,2
16:23,93,32,1,288,24
16:24,140,34,1,328,24
16:25,65,10,1,389,4
16:26,88,41,1,259,4
16:27,21,9,1,28,1
16:28,53,99,1,297,2
16:29,115,65,1,107,4
16:30,128,24,1,345,1
16:31,85,84,1,138,24
16:32,64,14,1,229,1
16:33,149,3,1,23,4
16:34,102,95,1,389,1
16:35,12,60,1,35,4
16:36,30,68,1,196,24
16:37,62,16,1,258,24
16:38,102,20,1,1,1
16:39,60,19,1,367,4
16:40,62,59,1,318,4
16:41,26,80,1,150,24
16:42,121,47,1,357,2
16:43,133,66,1,216,4
16:44,82,66,1,398,4
16:45,21,97,1,314,24
16:46,132,9,1,58,24
16:47,84,5,1,359,4
16:48,47,35,1,316,8
16:49,28,82,1,377,1
16:50,87,48,1,202,8
16:51,122,27,1,228,24
16:52,50,51,1,288,1
16:53,75,31,1,236,1
16:54,41,17,1,301,2
16:55,47,11,1,105,8
16:56,93,92,1,101,1
16:57,108,45,1,218,8
16:58,103,32,1,253,8
16:59,8,11,1,159,8
17:00,8,33,1,2,4
17:01,21,70,1,350,8
17:02,45,83,1,66,2
17:03,85,67,1,399,2
17:04,106,28,1,1,2
17:05,18,42,1,351,24
17:06,34,46,1,390,1
17:07,65,49,1,241,1
17:08,22,30,1,364,2
17:09,15,2,1,392,2
17:10,57,31,1,177,24
17:11,96,7,1,335,2
17:12,98,93,1,202,2
17:13,72,7,1,129,8
17:14,138,22,1,381,2
17:15,84,75,1,33,24
17:16,23,52,1,181,1
17:17,26,11,1,164,1
17:18,66,65,1,146,4
17:19,6,61,1,114,2
17:20,64,45,1,38,2
17:21,29,42,1,72,24
17:22,137,4,1,345,1
17:23,126,84,1,41,4
17:24,82,50,1,150,8
17:25,50,81,1,104,24
17:26,140,5,1,268,4
17:27,1,59,1,304,24
17:28,8,66,1,399,8
17:29,140,13,1,172,8
17:30,146,88,1,324,24
17:31,69,73,1,367,1
17:32,53,96,1,56,8
17:33,131,64,1,221,8
17:34,43,87,1,361,4
17:35,83,63,1,176,8
17:36,78,51,1,59,4
17:37,19,86,1,21,4
17:38,110,18,1,308,4
17:39,50,68,1,316,24
17:40,15,73,1,65,2
17:41,55,72,1,395,1
17:42,82,31,1,127,4
18:00,57,10,46,87,8
18:01,58,93,16,329,24
18:02,82,86,57,178,8
18:03,66,67,20,18,4
18:04,32,59,4,338,24
18:05,85,94,6,138,24
18:06,18,66,13,10,2
18:07,79,81,29,318,1
18:08,91,18,7,213,2
18:09,9,21,3,124,8
18:10,24,77,1,202,4
18:11,78,73,3,359,4
18:12,120,62,5,128,8
18:13,71,98,3,223,24
18:14,15,2,1,251,24
18:15,7,95,1,142,8
18:16,31,38,1,3,24
18:17,16,19,2,268,1
18:18,98,0,1,117,4
18:19,110,80,1,13,2
18:20,120,62,1,12,8
18:21,132,89,1,260,8
18:22,147,92,1,156,2
18:23,93,86,1,256,24
18:24,141,57,1,326,2
18:25,61,90,1,84,8
18:26,4,24,1,369,4
18:27,72,34,1,41,4
18:28,84,55,1,69,2
18:29,133,42,1,266,24
18:30,111,31,1,288,1
18:31,64,78,1,342,2
18:32,73,6,1,293,2
18:33,14,91,1,290,8
18:34,137,96,1,375,4
18:35,1,24,1,260,4
18:36,148,9,1,82,1
18:37,111,37,1,217,2
18:38,122,77,1,259,4
18:39,127,27,1,384,1
18:40,116,68,1,299,2
18:41,83,62,1,60,24
18:42,27,6,1,16,8
18:43,24,26,1,358,2
18:44,74,89,1,156,8
18:45,149,23,1,169,24
18:46,17,86,1,187,1
18:47,128,33,1,69,24
18:48,74,16,1,337,2
18:49,105,84,1,236,8
18:50,66,12,1,50,24
18:51,6,32,1,119,4
18:52,75,18,1,41,4
18:53,136,50,1,114,4
18:54,89,11,1,242,1
18:55,5,42,1,348,24
18:56,94,24,1,288,8
18:57,141,88,1,393,24
18:58,35,62,1,391,2
18:59,91,11,1,400,1
19:00,94,48,1,306,1
19:01,36,57,1,77,24
19:02,41,99,1,175,1
19:03,136,12,1,143,8
20:00,141,76,51,359,1
20:10,123,38,13,67,8
20:20,76,42,13,183,2
20:30,28,3,3,5,4
20:40,25,6,9,279,1
20:50,113,73,5,347,2
21:00,118,78,5,308,24
21:10,89,32,3,188,1
21:20,51,7,3,333,8
21:30,50,4,1,198,2
21:40,36,64,4,265,1
22:00,88,89,13,342,24
22:06,13,32,16,136,2
22:12,121,73,9,234,1
22:18,52,57,3,305,8
22:24,141,90,1,3,1
22:30,52,87,4,176,24
22:36,78,3,2,27,1
22:42,76,40,2,121,2
22:48,46,21,2,253,1
22:54,85,13,1,42,1
23:00,9,13,1,388,1
23:06,64,43,1,359,4
23:12,133,73,1,360,8
23:18,29,93,1,395,4
23:24,57,51,1,250,4
23:30,7,96,1,116,24
23:36,45,83,1,135,8
23:42,43,94,1,225,4
