00:00,107,32,12,186,4
00:17,112,37,18,371,8
00:34,39,32,5,311,24
00:51,91,90,10,305,24
01:08,148,63,2,325,8
01:25,99,46,2,188,1
01:42,128,31,8,21,4
02:00,111,55,18,16,24
02:05,71,65,19,63,2
02:10,145,58,32,246,8
02:15,41,70,11,32,24
02:20,54,61,6,83,24
02:25,118,66,14,283,24
02:30,122,42,6,302,4
02:35,44,50,3,361,2
02:40,83,29,1,328,2
02:45,72,93,2,27,1
02:50,101,65,1,110,2
02:55,93,61,1,181,1
03:00,13,67,1,163,1
03:05,14,82,1,54,1
03:10,1,80,1,383,2
03:15,91,60,1,240,2
03:20,97,97,1,264,8
03:25,115,52,1,258,4
03:30,145,73,1,362,1
03:35,22,16,1,194,2
03:40,148,58,1,69,8
03:45,54,16,1,218,4
03:50,132,71,1,58,2
04:00,110,5,20,347,2
04:02,83,47,70,218,24
04:04,0,78,19,359,24
04:06,122,68,8,239,24
04:08,103,96,28,317,2
04:10,76,39,2,300,24
04:12,118,90,10,319,8
04:14,65,72,2,46,4
04:16,49,51,3,8,4
04:18,100,23,5,398,1
04:20,35,30,1,150,1
04:22,40,3,2,375,2
04:24,68,0,1,313,24
04:26,71,76,1,28,24
04:28,16,13,1,75,24
04:30,48,80,1,120,8
04:32,78,56,1,350,8
04:34,133,5,1,170,1
04:36,4,26,1,155,4
04:38,3,68,1,6,4
04:40,53,15,1,237,1
04:42,26,94,1,369,1
04:44,31,52,1,117,8
04:46,98,84,1,165,24
04:48,22,25,1,39,4
04:50,80,42,1,320,8
04:52,21,88,1,106,8
04:54,61,5,1,325,1
04:56,60,75,1,284,4
04:58,33,61,1,73,2
05:00,14,98,1,395,2
05:02,91,76,1,135,2
05:04,28,50,1,221,24
05:06,28,93,1,189,4
05:08,58,63,1,314,1
05:10,75,94,1,221,8
05:12,20,71,1,157,1
05:14,24,54,1,109,2
05:16,13,93,1,6,8
05:18,41,56,1,151,8
05:20,120,80,1,74,8
06:00,9,18,24,158,2
06:03,59,39,5,331,24
06:06,105,45,34,72,8
06:09,119,3,1,398,1
06:12,2,19,17,130,1
06:15,93,9,33,75,4
06:18,84,72,19,237,8
06:21,90,13,2,160,4
06:24,90,55,11,86,4
06:27,134,23,9,230,1
06:30,76,45,1,153,2
06:33,105,66,6,66,8
06:36,132,33,6,205,1
06:39,39,40,2,90,1
06:42,63,90,1,349,24
06:45,14,40,2,164,24
06:48,33,55,1,399,24
06:51,143,67,1,64,1
06:54,0,14,1,287,2
06:57,31,82,1,275,4
07:00,125,94,1,5,2
07:03,103,22,1,101,24
07:06,11,70,1,140,1
07:09,55,18,1,34,1
07:12,84,76,1,288,4
07:15,71,71,1,136,1
07:18,29,99,1,68,4
07:21,45,5,1,188,8
07:24,56,47,1,29,4
07:27,76,27,1,86,24
07:30,57,85,1,356,24
08:00,38,76,34,43,2
08:06,127,60,13,148,2
08:12,33,13,3,121,1
08:18,81,62,5,47,4
08:24,39,12,3,224,2
08:30,25,13,4,34,8
08:36,8,62,7,201,24
08:42,112,60,2,173,4
08:48,119,14,2,73,2
08:54,1,55,1,93,8
09:00,67,97,1,82,2
09:06,68,75,1,205,1
09:12,5,50,1,249,8
09:18,59,83,1,178,8
09:24,69,91,1,265,24
09:30,11,17,1,4,8
09:36,82,50,1,68,4
09:42,146,94,1,263,2
09:48,49,52,1,80,24
10:00,75,42,24,261,8
10:10,61,28,14,375,2
10:20,12,13,30,131,4
10:30,20,72,13,400,4
10:40,128,27,5,304,8
10:50,117,88,5,116,2
11:00,23,39,6,145,24
11:10,109,33,2,133,4
11:20,15,61,1,334,24
11:30,74,16,1,17,2
11:40,20,68,2,133,8
12:00,15,19,3,338,2
12:04,122,30,53,54,8
12:08,112,17,5,63,8
12:12,128,32,4,116,1
12:16,78,27,14,94,1
12:20,65,20,6,336,1
12:24,35,13,13,40,2
12:28,7,27,14,133,24
12:32,33,72,1,299,24
12:36,34,29,6,303,24
12:40,109,56,2,177,2
12:44,62,0,1,186,8
12:48,137,65,2,213,4
12:52,60,83,1,50,8
12:56,65,11,1,93,24
13:00,13,57,1,192,1
13:04,2,27,1,328,24
13:08,25,48,1,102,2
13:12,16,22,1,219,1
13:16,128,27,1,256,2
13:20,148,23,1,383,24
13:24,4,40,1,35,2
13:28,104,84,1,173,1
13:32,110,78,1,328,8
13:36,36,58,1,176,8
13:40,90,42,1,46,2
14:00,110,62,14,391,8
14:01,13,7,7,155,24
14:02,119,59,18,133,4
14:03,90,36,36,316,24
14:04,72,82,35,119,1
14:05,74,63,17,21,4
14:06,31,80,12,22,2
14:07,58,67,8,353,1
14:08,49,31,2,269,8
14:09,148,61,1,169,4
14:10,61,0,1,270,1
14:11,21,77,3,286,24
14:12,117,13,1,325,8
14:13,147,31,1,397,4
14:14,141,65,1,16,4
14:15,73,73,1,81,8
14:16,36,2,1,299,2
14:17,13,45,1,304,24
14:18,110,25,1,221,24
14:19,114,56,1,275,1
14:20,32,77,1,274,8
14:21,12,42,1,390,1
14:22,61,5,1,374,24
14:23,47,1,1,43,1
14:24,41,40,1,46,2
14:25,27,74,1,341,4
14:26,35,9,1,192,24
14:27,55,39,1,302,2
14:28,96,7,1,197,4
14:29,77,79,1,66,2
14:30,9,5,1,398,2
14:31,134,1,1,82,24
14:32,135,7,1,108,8
14:33,132,2,1,210,24
14:34,36,56,1,374,1
14:35,116,74,1,235,24
14:36,50,10,1,135,24
14:37,146,95,1,362,4
14:38,115,46,1,302,4
14:39,79,67,1,351,24
14:40,99,21,1,396,8
14:41,116,17,1,206,8
14:42,99,7,1,105,8
14:43,124,3,1,370,4
14:44,1,12,1,240,2
14:45,45,83,1,133,4
14:46,111,26,1,206,4
14:47,24,57,1,25,4
14:48,148,16,1,231,4
14:49,3,42,1,82,4
14:50,17,58,1,225,1
14:51,103,40,1,26,1
14:52,119,23,1,231,1
14:53,10,64,1,60,1
14:54,109,1,1,39,24
14:55,147,3,1,169,2
14:56,42,45,1,373,1
14:57,81,38,1,214,1
14:58,138,89,1,117,1
14:59,81,99,1,284,4
15:00,58,76,1,373,24
15:01,149,69,1,182,2
15:02,69,13,1,273,4
16:00,91,63,40,112,1
16:00,119,52,41,39,8
16:00,101,99,99,238,24
16:00,116,42,36,190,24
16:00,36,68,68,45,4
16:00,59,4,14,290,24
16:00,137,4,19,90,4
16:00,83,46,15,118,24
16:00,53,39,3,7,1
16:00,57,77,4,231,24
16:00,119,99,2,68,2
16:00,33,49,3,94,24
16:00,17,76,1,36,2
16:00,104,90,2,32,1
16:00,21,12,1,334,2
16:00,96,93,1,344,2
16:00,15,52,1,295,4
16:00,116,5,1,70,24
16:00,58,44,1,298,1
16:00,4,93,1,371,1
16:00,69,40,1,20,2
16:00,43,20,1,38,24
16:00,131,47,1,382,4
16:00,143,22,1,141,2
16:00,103,3,1,343,4
16:00,8,43,1,199,2
16:00,36,33,1,288,24
16:00,8,4,1,246,8
16:00,1,0,1,223,1
16:00,115,84,1,388,8
16:00,142,18,1,300,24
16:00,137,79,1,219,8
16:00,41,88,1,230,24
16:00,129,14,1,107,2
16:00,44,11,1,399,8
16:00,0,53,1,231,4
16:00,2,78,1,139,2
16:00,6,72,1,200,24
16:00,87,41,1,6,1
16:00,100,26,1,41,24
16:00,84,34,1,235,2
16:00,18,53,1,106,24
16:00,98,90,1,221,4
16:00,29,24,1,29,1
16:00,77,32,1,226,24
16:00,23,76,1,92,24
16:00,10,46,1,179,24
16:00,135,56,1,225,8
16:00,80,94,1,222,4
16:00,56,9,1,44,1
16:00,51,11,1,356,8
16:00,97,82,1,240,1
16:00,14,45,1,251,2
16:00,5,1,1,6,24
16:00,78,52,1,349,1
16:00,61,4,1,89,1
16:00,31,50,1,135,2
16:00,98,40,1,233,24
16:00,18,40,1,59,4
16:00,49,66,1,264,1
16:00,78,66,1,302,2
16:00,126,93,1,192,1
16:00,134,76,1,395,1
16:00,65,50,1,283,4
16:00,112,13,1,334,2
16:00,91,21,1,185,2
16:00,19,12,1,330,2
16:00,136,33,1,334,2
16:00,127,33,1,180,4
16:00,35,83,1,225,2
16:00,143,61,1,341,2
16:00,65,87,1,254,1
16:00,96,56,1,363,2
16:00,2,65,1,212,1
16:00,33,80,1,89,4
16:00,1,77,1,312,4
16:00,22,53,1,3,4
16:00,5,40,1,16,2
16:00,46,11,1,163,1
16:00,125,86,1,249,24
16:00,53,9,1,215,24
16:00,94,34,1,354,2
16:00,42,66,1,400,1
16:00,143,77,1,63,1
16:00,101,51,1,36,2
16:00,83,82,1,39,1
16:00,56,62,1,253,4
16:00,32,27,1,182,2
16:00,83,2,1,328,2
16:00,50,99,1,156,8
16:00,43,17,1,247,4
16:00,3,86,1,284,8
16:00,75,89,1,95,8
16:00,26,68,1,205,2
16:00,62,43,1,251,8
16:00,30,38,1,332,1
16:00,111,27,1,327,8
16:00,13,44,1,56,24
16:00,116,42,1,294,4
16:00,28,70,1,133,8
16:00,95,54,1,13,2
16:00,143,7,1,218,8
16:00,89,73,1,245,1
16:00,70,24,1,307,2
16:00,49,31,1,285,24
16:00,79,98,1,128,8
16:00,136,11,1,389,24
16:00,58,72,1,371,4
16:00,39,94,1,100,2
16:00,71,14,1,86,2
16:00,110,41,1,307,1
16:00,127,0,1,19,2
16:00,136,94,1,320,8
16:00,91,0,1,10,2
16:00,50,91,1,92,24
16:00,36,48,1,127,24
16:00,86,18,1,254,2
16:00,53,85,1,345,1
16:00,17,58,1,157,4
16:00,32,63,1,276,2
16:00,97,24,1,106,2
16:00,26,70,1,240,1
16:00,63,7,1,84,24
16:00,64,99,1,224,4
16:00,144,65,1,385,24
16:00,124,28,1,299,2
16:00,43,64,1,332,24
16:00,144,48,1,286,2
16:00,37,90,1,257,1
16:00,139,69,1,88,2
16:00,138,81,1,323,24
16:00,90,68,1,317,8
16:00,28,67,1,87,4
16:00,40,28,1,52,2
16:00,29,95,1,182,4
16:00,93,75,1,122,24
16:00,65,86,1,79,1
16:00,109,4,1,124,1
16:00,61,28,1,18,4
16:00,93,79,1,32,2
16:00,126,53,1,134,2
16:00,0,48,1,173,4
16:00,6,48,1,341,1
16:00,48,72,1,222,1
16:00,30,75,1,187,24
16:00,72,63,1,115,2
18:00,147,62,58,35,4
18:01,95,99,24,311,24
18:02,9,97,11,60,4
18:03,32,58,54,1,1
18:04,108,82,9,390,24
18:05,117,85,14,375,4
18:06,99,54,7,65,24
18:07,126,40,28,284,24
18:08,133,77,8,215,8
18:09,33,79,6,318,2
18:10,84,50,8,2,2
18:11,47,71,1,219,24
18:12,7,82,2,239,4
18:13,8,28,1,99,1
18:14,8,1,1,82,2
18:15,102,99,1,62,4
18:16,134,47,1,298,2
18:17,110,52,1,359,2
18:18,137,61,1,348,4
18:19,39,41,1,349,2
18:20,9,76,1,194,24
18:21,35,13,1,198,1
18:22,106,17,1,94,24
18:23,32,15,1,203,2
18:24,76,62,1,65,4
18:25,55,81,1,136,8
18:26,67,93,1,274,8
18:27,125,40,1,367,8
18:28,108,79,1,366,8
18:29,84,1,1,133,1
18:30,36,47,1,194,4
18:31,37,91,1,243,8
18:32,65,57,1,355,24
18:33,100,86,1,214,24
18:34,100,31,1,7,8
18:35,68,50,1,207,1
18:36,87,23,1,121,2
18:37,87,26,1,372,2
18:38,88,39,1,41,2
18:39,51,54,1,285,1
18:40,47,24,1,313,24
18:41,63,1,1,88,4
18:42,46,83,1,337,1
18:43,73,67,1,342,8
18:44,26,27,1,364,1
18:45,130,0,1,364,2
18:46,21,45,1,169,2
18:47,132,99,1,275,4
18:48,87,42,1,299,24
18:49,67,24,1,88,8
18:50,11,45,1,345,1
18:51,104,51,1,348,2
18:52,149,59,1,383,24
18:53,44,39,1,357,24
18:54,1,65,1,267,8
18:55,52,88,1,155,4
18:56,54,69,1,128,4
18:57,17,85,1,12,1
18:58,30,89,1,263,1
18:59,6,27,1,41,24
19:00,108,3,1,185,2
19:01,56,23,1,166,1
19:02,94,83,1,278,2
19:03,95,44,1,174,2
19:04,33,80,1,338,2
19:05,27,15,1,365,8
19:06,78,76,1,242,1
19:07,102,21,1,68,24
19:08,120,23,1,100,2
19:09,3,33,1,217,2
19:10,77,32,1,132,2
19:11,54,27,1,116,8
19:12,35,31,1,247,2
19:13,92,74,1,387,8
19:14,114,76,1,292,24
19:15,92,58,1,150,2
19:16,74,67,1,342,1
19:17,117,43,1,164,1
19:18,117,58,1,75,1
19:19,54,25,1,36,4
19:20,0,95,1,232,4
19:21,98,58,1,53,4
19:22,36,78,1,67,2
19:23,21,59,1,343,8
19:24,110,99,1,312,2
19:25,92,67,1,304,2
19:26,132,58,1,181,2
19:27,112,62,1,360,8
19:28,96,26,1,285,8
19:29,130,91,1,109,2
19:30,42,55,1,216,8
19:31,112,14,1,271,8
19:32,124,31,1,98,8
19:33,86,11,1,165,8
19:34,147,77,1,200,24
19:35,72,26,1,246,4
19:36,134,61,1,190,24
19:37,147,1,1,337,2
19:38,106,93,1,235,2
19:39,115,77,1,166,8
19:40,46,60,1,139,8
19:41,27,85,1,250,1
19:42,99,78,1,140,8
19:43,108,37,1,359,2
19:44,41,52,1,178,4
19:45,89,44,1,90,2
19:46,46,94,1,308,2
19:47,29,35,1,291,4
19:48,129,92,1,365,1
19:49,13,96,1,329,8
19:50,72,68,1,267,1
19:51,57,47,1,131,1
19:52,1,36,1,339,8
19:53,141,76,1,256,1
19:54,8,9,1,43,1
20:00,47,5,58,356,1
20:10,90,1,3,316,24
20:20,11,9,27,92,8
20:30,76,1,5,80,4
20:40,42,11,12,330,4
20:50,3,17,1,238,2
21:00,127,7,4,243,24
21:10,129,74,3,324,8
21:20,27,59,1,88,2
21:30,70,37,1,242,1
21:40,85,80,1,64,2
21:50,47,14,1,233,2
22:00,114,72,9,342,1
22:04,116,19,16,396,8
22:08,13,97,2,339,24
22:12,100,88,5,226,24
22:16,6,95,14,15,1
22:20,114,1,2,278,2
22:24,117,54,6,386,2
22:28,3,36,3,14,24
22:32,20,7,1,296,1
22:36,13,22,1,257,4
22:40,23,31,1,143,1
22:44,138,74,1,170,8
22:48,148,93,1,295,8
22:52,118,27,1,315,1
22:56,116,58,1,365,24
23:00,111,80,1,144,24
23:04,117,52,1,319,4
23:08,95,96,1,346,1
23:12,0,90,1,176,2
23:16,36,28,1,13,8
23:20,42,9,1,230,8
23:24,129,60,1,114,24
23:28,35,18,1,171,24
23:32,95,3,1,101,1
23:36,28,92,1,271,8
23:40,84,20,1,200,8
23:44,23,84,1,388,1
