00:00,149,80,10,292,24
00:20,59,85,3,365,2
00:40,16,83,2,386,1
01:00,44,11,1,141,4
01:20,56,31,2,366,4
01:40,46,43,7,256,4
02:00,12,45,20,71,2
02:07,10,96,1,59,24
02:14,108,41,2,259,24
02:21,126,6,7,152,4
02:28,11,45,7,187,8
02:35,113,1,4,112,24
02:42,65,20,1,103,24
02:49,69,96,4,127,1
02:56,36,18,2,381,24
03:03,28,2,1,223,8
03:10,81,20,1,371,2
03:17,42,62,1,228,4
03:24,82,91,1,168,24
03:31,0,73,1,83,1
03:38,88,0,1,371,1
03:45,59,94,1,217,4
04:00,122,90,1,99,4
04:05,81,28,8,239,4
04:10,95,87,19,118,4
04:15,92,77,15,285,8
04:20,92,24,9,158,8
04:25,3,69,3,305,1
04:30,125,61,3,240,1
04:35,75,96,4,57,8
04:40,128,5,2,230,1
04:45,113,29,3,127,4
04:50,142,26,4,337,1
04:55,132,45,2,281,8
05:00,67,98,1,221,8
05:05,136,61,1,84,4
05:10,41,97,1,285,8
05:15,65,43,1,263,4
05:20,35,74,1,351,2
05:25,48,22,1,254,2
05:30,101,18,1,99,2
05:35,54,80,1,339,1
05:40,101,15,1,334,24
05:45,24,32,1,195,2
06:00,140,75,32,370,24
06:04,6,25,23,304,2
06:08,57,48,7,357,24
06:12,8,99,6,69,2
06:16,6,32,5,258,2
06:20,3,60,1,47,1
06:24,106,48,1,313,4
06:28,75,61,1,25,8
06:32,146,59,1,214,1
06:36,35,65,1,340,4
06:40,69,57,1,13,8
06:44,16,40,1,326,24
06:48,64,38,1,147,2
06:52,36,96,1,247,2
06:56,109,35,1,158,4
07:00,137,70,1,78,8
07:04,59,7,1,90,8
07:08,31,34,1,234,4
07:12,21,47,1,168,2
07:16,25,89,1,44,1
07:20,68,98,1,202,24
07:24,51,49,1,26,24
07:28,91,90,1,73,24
07:32,55,53,1,62,8
07:36,79,41,1,224,24
07:40,10,34,1,294,8
07:44,51,21,1,30,1
08:00,39,38,4,173,1
08:40,142,87,7,27,8
09:20,51,72,25,354,2
10:00,35,74,2,188,2
10:40,81,56,11,366,2
11:20,149,16,36,74,8
12:00,90,99,16,383,1
12:07,46,97,13,69,4
12:14,29,35,7,34,1
12:21,81,72,9,139,1
12:28,76,13,5,334,4
12:35,81,79,4,216,24
12:42,48,53,1,15,1
12:49,73,38,2,274,2
12:56,97,18,2,178,4
13:03,4,65,1,22,1
13:10,99,77,1,217,4
13:17,141,66,1,343,8
13:24,13,19,1,78,24
13:31,128,65,1,98,1
13:38,35,18,1,147,4
13:45,63,34,1,125,1
13:52,60,20,1,143,8
14:00,107,54,12,134,8
14:04,55,26,19,75,24
14:08,50,8,7,386,8
14:12,63,52,2,391,4
14:16,68,46,7,115,8
14:20,86,70,12,88,1
14:24,7,6,7,340,8
14:28,100,50,4,324,24
14:32,140,96,1,220,8
14:36,147,82,2,286,4
14:40,92,57,1,167,8
14:44,7,24,1,133,1
14:48,62,31,1,33,8
14:52,148,94,1,216,1
14:56,131,44,1,157,8
15:00,137,85,1,177,8
15:04,63,39,1,338,1
15:08,101,45,1,338,2
15:12,26,17,1,297,2
15:16,97,36,1,334,24
15:20,14,55,1,34,8
15:24,83,64,1,29,4
15:28,25,5,1,61,2
15:32,34,72,1,348,8
15:36,37,80,1,129,1
15:40,98,59,1,170,8
15:44,46,81,1,313,1
15:48,115,60,1,396,1
15:52,121,92,1,258,2
15:56,135,28,1,202,4
16:00,51,97,42,310,1
16:04,21,44,18,276,2
16:08,49,72,29,95,2
16:12,4,65,18,209,4
16:16,148,97,15,258,1
16:20,47,56,10,240,1
16:24,63,81,2,249,8
16:28,17,63,3,105,1
16:32,65,65,2,300,4
16:36,71,35,2,268,2
16:40,113,77,1,397,8
16:44,40,66,1,336,1
16:48,135,24,1,110,24
16:52,109,25,1,228,2
16:56,3,67,1,89,24
17:00,75,96,1,131,24
17:04,127,61,1,125,8
17:08,142,9,1,343,8
17:12,103,35,1,222,2
17:16,16,59,1,270,1
17:20,148,16,1,181,24
17:24,62,76,1,201,24
17:28,51,28,1,317,1
17:32,18,36,1,256,1
17:36,106,37,1,311,1
17:40,75,27,1,348,2
17:44,94,69,1,22,4
17:48,92,46,1,123,24
18:00,15,16,24,223,24
18:02,138,23,28,219,24
18:04,130,57,4,320,1
18:06,148,84,4,213,1
18:08,71,6,5,18,24
18:10,145,6,5,264,4
18:12,67,28,7,131,1
18:14,121,90,6,392,4
18:16,12,78,1,36,24
18:18,21,77,5,378,24
18:20,39,22,3,125,2
18:22,29,8,2,309,2
18:24,41,63,1,233,24
18:26,134,13,1,79,8
18:28,35,63,1,346,24
18:30,148,17,1,348,24
18:32,9,89,1,169,8
18:34,103,80,1,347,8
18:36,42,13,1,264,4
18:38,111,11,1,289,1
18:40,97,54,1,348,24
18:42,22,5,1,388,2
18:44,46,74,1,351,2
18:46,54,46,1,17,1
18:48,99,63,1,96,4
18:50,140,75,1,87,4
18:52,44,71,1,142,2
18:54,149,80,1,122,1
18:56,142,44,1,369,24
18:58,79,49,1,305,2
19:00,143,85,1,305,4
19:02,47,61,1,8,24
19:04,10,12,1,269,8
19:06,63,70,1,94,4
19:08,40,10,1,325,4
19:10,124,68,1,344,8
19:12,127,58,1,352,4
19:14,148,41,1,76,2
19:16,2,90,1,119,8
19:18,12,91,1,71,8
19:20,108,88,1,248,1
19:22,103,78,1,184,1
19:24,5,39,1,148,2
19:26,24,5,1,387,2
19:28,126,11,1,33,24
19:30,0,82,1,47,24
20:00,56,38,10,355,4
20:07,55,30,11,341,4
20:14,115,94,6,301,2
20:21,57,61,9,122,8
20:28,36,14,2,105,4
20:35,109,41,2,292,8
20:42,18,28,3,94,4
20:49,23,12,1,221,1
20:56,73,65,2,229,2
21:03,106,25,1,268,2
21:10,22,47,1,196,2
21:17,89,85,1,16,1
21:24,16,15,1,121,24
21:31,54,35,1,334,8
21:38,141,67,1,27,2
21:45,123,75,1,157,2
21:52,56,24,1,196,2
22:00,77,44,3,96,2
22:20,125,45,6,330,4
22:40,139,40,4,347,1
23:00,6,75,5,60,1
23:20,70,85,1,368,4
23:40,87,4,7,272,8
