00:01 120 88 4 455 4 
00:01 98 9 5 451 8 
00:01 83 18 6 49 4 
00:01 33 3 6 473 24 
00:03 68 25 2 444 8 
00:04 102 67 6 140 4 
00:04 34 30 2 686 4 
00:05 142 37 5 741 4 
00:07 46 57 4 336 4 
00:07 15 71 4 126 1 
00:09 14 5 3 43 8 
00:09 116 46 3 474 4 
00:10 109 3 1 589 1 
00:11 105 51 6 240 4 
00:13 113 11 4 682 4 
00:14 73 36 4 176 2 
00:15 33 24 6 40 24 
00:17 103 51 6 113 1 
00:19 96 17 2 726 4 
00:21 54 55 1 529 24 
00:23 124 55 4 520 4 
00:24 18 63 1 543 2 
00:25 105 93 5 314 4 
00:27 95 37 6 131 1 
00:28 111 4 4 41 2 
00:28 19 34 1 300 24 
00:28 124 49 3 405 1 
00:28 85 87 2 697 8 
00:28 149 48 2 741 24 
00:28 90 26 2 280 24 
01:08 95 57 2 307 24 
01:08 41 63 1 608 4 
01:08 56 62 2 567 2 
01:09 66 93 1 338 8 
01:11 126 65 5 67 24 
01:12 146 10 6 142 1 
01:12 36 21 1 4 24 
01:13 33 88 5 593 24 
01:13 18 15 5 585 2 
01:14 21 14 6 15 1 
01:15 26 34 6 543 8 
01:17 36 41 1 471 8 
01:17 121 69 3 23 1 
01:17 119 41 1 305 4 
01:18 37 99 4 624 4 
01:18 63 91 5 141 24 
01:18 13 32 5 421 1 
01:19 71 13 2 438 8 
01:20 18 38 4 794 8 
01:21 131 36 6 770 8 
01:23 84 61 1 513 8 
01:24 94 40 4 321 8 
01:24 128 81 1 542 1 
01:24 106 58 3 102 4 
01:24 120 89 5 172 2 
01:24 92 12 3 672 24 
01:24 75 12 4 392 8 
01:25 76 64 3 427 2 
01:27 73 32 4 44 2 
01:29 110 39 4 673 2 
01:30 90 9 1 204 1 
01:31 98 56 4 227 4 
01:31 149 10 3 223 2 
01:31 44 13 3 473 2 
01:31 145 19 5 181 24 
01:31 58 27 3 413 24 
01:31 30 26 6 26 8 
01:31 112 15 3 695 24 
01:33 87 93 1 739 1 
02:01 11 25 5 737 1 
02:03 148 16 4 182 2 
02:05 144 5 5 495 4 
02:08 9 42 3 759 4 
02:09 123 22 4 755 2 
02:11 101 30 2 524 4 
02:13 14 61 1 713 24 
02:13 31 4 3 374 2 
02:13 135 98 3 781 24 
02:13 14 87 4 645 4 
02:15 60 38 5 241 4 
02:17 100 93 2 623 24 
02:19 33 65 5 221 4 
02:19 51 53 6 408 24 
02:20 121 24 6 673 8 
02:20 109 2 4 129 4 
02:21 66 36 2 742 24 
02:21 1 57 3 728 24 
02:22 54 34 4 178 24 
02:23 98 83 3 452 4 
02:24 57 55 1 571 8 
02:25 66 85 6 273 2 
02:26 59 62 3 393 2 
02:26 143 20 1 779 8 
02:26 75 36 1 735 2 
02:27 52 2 3 343 1 
02:27 120 17 1 262 4 
02:27 51 83 4 716 4 
02:28 137 86 3 640 24 
03:07 134 96 6 35 2 
03:09 27 10 5 239 24 
03:10 138 18 3 229 2 
03:10 132 90 4 153 1 
03:10 131 47 4 547 1 
03:11 114 65 1 738 1 
03:11 72 16 2 292 8 
03:11 135 3 4 271 2 
03:11 135 15 4 692 8 
03:13 7 82 4 0 8 
03:15 51 52 6 266 2 
03:17 146 41 6 12 4 
03:17 84 96 2 727 2 
03:17 7 12 2 62 8 
03:17 111 42 1 147 2 
03:19 66 65 4 287 4 
03:19 148 80 4 358 8 
03:20 10 48 1 399 1 
03:20 36 75 1 541 2 
03:20 92 52 4 605 2 
03:20 12 38 6 137 2 
03:20 147 15 1 469 8 
03:21 5 83 1 172 1 
03:23 21 45 1 25 8 
03:23 147 69 3 624 8 
03:24 36 87 5 493 24 
03:25 19 93 5 783 2 
03:27 25 29 5 167 2 
03:29 108 42 6 199 4 
03:30 86 59 6 610 24 
03:31 113 51 4 9 2 
03:32 91 58 6 183 8 
03:32 42 79 5 681 24 
03:32 86 70 6 785 1 
03:33 64 5 3 375 2 
03:33 8 12 4 85 8 
03:33 20 45 2 795 2 
03:35 54 82 1 451 24 
03:37 9 61 3 465 1 
03:38 53 33 4 422 4 
03:38 135 28 5 350 24 
03:38 42 35 4 241 4 
03:39 129 56 6 24 8 
04:00 105 12 2 37 2 
04:00 89 26 3 200 8 
04:04 119 34 6 312 2 
04:09 123 84 1 692 1 
04:11 136 24 1 67 4 
04:12 136 34 5 87 8 
04:12 29 12 5 613 24 
04:13 37 94 2 767 24 
04:13 143 27 4 101 8 
04:15 7 0 1 490 8 
04:15 84 67 2 4 1 
04:16 100 43 2 714 2 
04:16 116 53 6 256 4 
04:17 143 31 1 630 2 
04:18 7 80 2 170 8 
04:18 89 80 3 386 2 
04:18 67 88 6 600 4 
04:19 19 65 2 187 24 
04:21 16 84 4 233 1 
04:21 45 59 1 248 1 
04:22 79 86 3 319 4 
04:22 120 55 4 281 4 
04:22 142 5 5 219 8 
04:22 145 80 1 35 8 
04:23 148 59 5 49 24 
04:25 143 5 5 489 8 
04:27 112 65 3 558 1 
04:27 23 56 2 619 2 
04:27 131 26 6 692 2 
04:28 33 90 4 596 8 
04:28 55 85 4 88 8 
04:29 4 45 3 12 4 
04:30 37 26 2 181 2 
04:31 66 90 6 450 4 
04:33 39 36 6 604 1 
04:35 102 4 4 700 24 
04:37 57 25 5 294 24 
04:37 28 23 6 440 2 
04:37 98 68 5 321 2 
04:37 31 76 2 177 4 
04:39 62 0 2 348 4 
04:40 91 86 2 297 4 
04:41 14 47 4 155 1 
04:41 106 8 5 203 4 
04:41 142 35 2 141 24 
04:42 13 79 6 719 2 
04:42 88 98 1 602 4 
04:42 96 48 3 274 4 
04:42 116 77 1 334 24 
05:00 130 37 3 126 8 
05:00 29 86 5 312 2 
05:06 59 41 1 740 8 
05:07 10 68 6 627 2 
05:09 73 52 4 285 2 
05:11 101 37 4 135 8 
05:12 53 0 4 663 4 
05:13 91 38 5 553 8 
05:15 129 12 6 123 4 
05:15 77 28 1 321 4 
05:15 119 49 4 350 1 
05:15 61 95 4 21 24 
05:17 26 31 1 162 2 
05:19 102 16 6 496 4 
05:21 133 77 5 210 4 
05:21 120 16 4 344 24 
05:23 110 35 1 466 1 
05:24 23 14 6 645 2 
05:24 54 73 1 663 4 
05:25 54 26 3 450 24 
05:25 33 0 3 372 8 
05:27 17 79 2 638 24 
05:27 40 45 5 577 8 
05:29 135 28 1 699 8 
05:31 3 33 4 272 24 
05:33 9 93 3 599 2 
05:33 126 69 2 378 8 
05:33 111 51 1 730 8 
05:33 99 77 3 326 4 
05:34 137 72 6 442 4 
05:34 63 75 6 42 24 
05:34 147 19 6 485 4 
05:34 68 40 2 94 1 
05:35 48 88 4 299 24 
05:35 19 28 1 218 2 
05:36 54 51 6 527 2 
05:37 23 23 5 228 2 
05:37 101 35 5 147 2 
05:39 27 21 1 637 2 
05:40 104 22 5 216 8 
05:40 17 54 6 283 1 
05:40 80 45 2 469 8 
05:40 57 65 2 469 1 
05:41 59 1 3 678 24 
05:42 130 45 3 244 4 
05:42 14 91 6 439 8 
05:43 5 17 2 23 8 
05:44 21 33 3 617 4 
05:45 1 7 2 324 2 
05:45 132 37 4 720 4 
05:45 99 91 3 242 8 
05:45 3 38 5 117 24 
05:45 64 87 4 663 4 
06:00 78 30 5 631 24 
06:08 147 81 2 474 8 
06:09 100 14 1 161 24 
06:11 80 72 6 365 4 
06:12 66 36 3 500 24 
06:13 36 91 4 388 2 
06:13 20 37 1 773 8 
06:15 5 45 4 487 2 
06:15 145 9 3 583 4 
06:17 105 99 3 598 1 
06:18 122 42 2 121 4 
06:18 135 34 3 5 24 
06:18 106 7 1 253 8 
06:18 1 73 2 326 2 
06:18 71 67 2 496 24 
06:19 99 38 4 376 2 
06:20 127 42 1 602 1 
06:20 140 42 4 739 2 
06:20 145 86 4 603 24 
06:20 89 86 6 342 24 
06:21 47 96 2 489 8 
06:21 97 64 4 157 2 
06:22 91 78 3 290 4 
06:23 39 30 2 535 24 
06:25 97 64 5 200 8 
06:25 82 33 2 741 2 
06:27 53 14 6 38 8 
06:28 43 64 2 484 2 
06:28 86 92 4 440 4 
06:28 143 39 4 25 24 
06:28 20 61 4 795 1 
06:28 17 34 1 782 2 
06:28 103 45 2 298 4 
06:28 56 7 1 648 2 
06:28 118 23 5 521 1 
06:28 84 60 1 522 4 
06:29 130 37 6 493 8 
06:30 52 89 6 117 2 
06:31 137 25 3 457 8 
06:32 140 99 4 767 2 
06:32 22 24 1 635 24 
06:33 129 86 2 738 2 
06:35 32 79 2 677 24 
06:36 20 44 4 480 8 
06:36 58 37 2 778 24 
06:36 123 10 3 659 8 
06:36 23 96 3 561 4 
06:37 50 35 2 261 1 
06:38 79 31 2 56 8 
06:39 15 25 5 84 2 
06:40 77 35 4 750 4 
06:40 11 41 3 696 1 
06:41 60 95 1 631 24 
06:42 27 48 5 289 4 
06:42 89 20 6 678 24 
06:42 38 4 3 151 8 
06:43 5 49 1 799 2 
06:44 23 80 1 330 1 
06:45 108 70 3 553 4 
06:45 65 14 1 189 8 
06:47 131 7 3 186 8 
06:48 106 52 2 408 1 
06:48 117 55 2 526 24 
06:48 35 36 6 517 2 
06:49 105 56 1 50 2 
06:50 108 69 6 183 24 
06:50 83 43 6 142 1 
06:51 59 41 6 212 1 
06:53 98 10 5 254 24 
06:53 124 31 4 664 1 
06:53 30 39 5 611 24 
06:54 95 24 3 57 8 
06:54 108 50 4 435 1 
07:07 100 74 1 90 4 
07:08 68 62 6 70 1 
07:08 72 70 4 348 24 
07:08 42 52 5 79 4 
07:08 18 14 2 366 24 
07:09 64 6 6 334 4 
07:11 106 73 3 599 4 
07:13 57 79 2 776 2 
07:13 77 25 1 381 4 
07:15 59 40 2 460 4 
07:16 132 27 6 718 8 
07:16 96 0 5 571 4 
07:17 21 39 2 495 24 
07:18 117 98 6 140 1 
07:19 22 2 6 190 2 
07:19 6 23 6 408 4 
07:21 3 88 2 17 2 
07:22 135 38 4 687 24 
07:23 140 2 1 157 1 
07:25 91 75 3 273 2 
07:26 8 83 4 58 1 
07:26 37 4 1 332 24 
07:26 98 33 3 614 2 
07:27 20 43 6 203 24 
07:27 57 86 4 659 24 
07:28 75 5 4 237 24 
07:28 5 43 6 87 1 
07:29 25 14 1 100 24 
07:29 8 6 5 474 24 
07:31 80 83 2 333 8 
07:32 8 86 4 609 1 
07:33 115 11 4 268 8 
07:35 137 36 1 43 8 
07:35 96 50 6 440 24 
07:36 149 20 4 739 1 
07:36 57 43 4 200 24 
07:36 40 74 1 610 1 
07:37 61 65 2 739 4 
07:37 69 52 1 155 2 
07:38 53 64 4 104 1 
07:39 104 45 6 712 1 
07:40 137 54 2 563 24 
07:41 128 15 3 450 2 
07:43 35 38 5 338 4 
07:43 103 93 5 240 8 
07:44 38 87 6 594 8 
07:45 79 33 4 443 2 
07:46 58 74 6 591 24 
07:46 7 28 5 166 2 
07:47 87 53 2 244 2 
07:49 15 28 5 783 1 
07:49 66 39 2 794 8 
07:50 75 63 3 684 4 
07:51 82 8 2 176 8 
07:52 62 33 4 735 24 
07:53 32 61 4 368 2 
07:55 147 77 3 105 2 
07:56 32 82 1 290 2 
07:56 70 45 1 383 1 
07:57 149 81 1 443 4 
07:59 62 45 5 583 4 
07:59 29 1 1 677 8 
07:59 85 43 1 196 24 
07:59 75 83 3 160 4 
07:59 113 44 3 95 1 
07:59 109 75 5 86 1 
07:59 64 17 5 674 8 
07:59 32 3 3 112 8 
07:59 34 25 2 509 4 
07:59 75 33 1 13 2 
07:59 43 28 4 349 1 
07:59 23 66 6 19 8 
07:59 58 55 3 579 24 
07:59 52 12 5 797 1 
07:59 0 86 5 736 4 
07:59 52 62 2 247 8 
07:59 45 21 4 563 24 
07:59 72 81 2 467 2 
07:59 21 43 2 631 2 
07:59 97 17 5 32 4 
07:59 71 63 4 693 2 
07:59 99 40 1 19 4 
07:59 28 48 2 478 8 
07:59 53 43 3 49 4 
07:59 86 8 2 250 4 
07:59 70 35 2 374 4 
07:59 23 40 3 252 8 
07:59 46 39 5 383 8 
07:59 43 92 6 547 8 
07:59 0 81 2 232 24 
07:59 132 88 3 728 1 
07:59 9 20 3 190 4 
07:59 130 85 2 42 24 
07:59 55 77 3 103 8 
07:59 56 46 4 749 1 
07:59 117 77 2 301 8 
07:59 67 66 6 196 1 
07:59 4 26 5 734 8 
07:59 125 38 1 325 1 
07:59 106 14 2 484 1 
07:59 36 92 5 105 24 
07:59 140 78 4 135 8 
07:59 13 18 4 487 8 
07:59 99 15 4 37 4 
07:59 76 45 6 88 4 
07:59 11 83 1 391 1 
07:59 11 48 4 726 8 
07:59 108 62 1 359 8 
07:59 143 23 6 450 8 
07:59 103 54 1 396 8 
07:59 125 82 2 512 2 
07:59 130 22 2 199 4 
07:59 61 95 4 170 4 
07:59 61 14 1 426 1 
07:59 37 65 1 279 1 
07:59 44 27 5 49 2 
07:59 38 87 5 591 1 
07:59 114 33 5 27 8 
07:59 50 19 2 680 4 
07:59 73 25 5 467 2 
07:59 115 1 6 591 24 
07:59 7 98 3 445 1 
07:59 70 7 4 429 24 
07:59 51 89 6 746 8 
07:59 26 25 2 304 4 
07:59 136 19 4 397 8 
07:59 128 59 1 233 1 
07:59 51 42 6 621 8 
07:59 148 86 5 197 4 
07:59 54 15 4 650 2 
07:59 9 14 5 632 24 
07:59 4 31 5 799 1 
07:59 26 90 4 178 1 
07:59 67 28 2 461 24 
07:59 86 12 2 295 1 
07:59 137 69 4 154 1 
07:59 33 80 5 277 24 
07:59 16 58 5 525 1 
07:59 63 12 6 463 24 
07:59 145 92 2 670 24 
07:59 51 80 2 746 4 
07:59 122 64 6 119 1 
07:59 131 64 2 289 2 
07:59 85 51 2 480 24 
07:59 66 46 4 370 24 
07:59 143 60 4 83 1 
07:59 17 24 1 295 24 
07:59 122 52 3 54 2 
07:59 119 63 4 792 4 
07:59 42 14 3 666 8 
07:59 98 32 1 399 4 
07:59 3 51 5 456 8 
07:59 37 85 5 536 8 
07:59 46 2 2 315 8 
07:59 49 95 4 172 8 
07:59 103 23 1 154 4 
07:59 34 5 3 581 24 
07:59 49 16 1 117 1 
07:59 90 7 4 739 24 
07:59 149 50 6 254 8 
07:59 62 12 5 590 4 
07:59 25 53 4 535 8 
07:59 29 66 4 198 8 
07:59 32 50 6 670 1 
07:59 23 43 6 613 24 
07:59 115 83 6 476 4 
07:59 56 4 1 553 1 
07:59 108 57 3 622 2 
07:59 126 85 5 741 1 
07:59 52 18 6 394 24 
08:03 55 15 6 758 24 
08:09 78 24 4 599 8 
08:10 40 19 2 86 24 
08:11 89 14 2 338 24 
08:11 92 39 2 103 2 
08:13 114 21 3 263 2 
08:13 107 90 2 599 2 
08:13 85 70 4 203 1 
08:13 69 0 2 408 8 
08:14 142 17 2 189 2 
08:14 82 9 2 480 4 
08:14 106 46 4 719 8 
08:14 87 29 4 158 4 
08:15 37 84 1 154 4 
08:17 82 92 5 362 24 
08:17 64 53 1 543 4 
08:18 89 56 4 96 4 
08:18 20 99 2 363 2 
08:19 141 22 5 116 8 
08:19 53 46 1 122 24 
08:19 140 72 5 360 8 
08:20 57 1 2 410 4 
08:20 72 92 6 427 1 
08:21 90 97 1 609 1 
08:23 0 62 5 477 4 
08:25 111 56 5 540 4 
08:26 25 0 1 558 1 
08:26 137 23 1 335 2 
08:26 115 29 1 280 2 
08:27 130 91 3 125 1 
08:29 107 98 4 564 4 
08:30 106 67 4 60 1 
08:31 127 16 2 793 4 
08:32 27 52 6 206 2 
08:32 95 81 5 564 8 
08:33 114 87 5 569 8 
08:35 43 10 2 478 8 
08:37 115 15 1 696 1 
08:37 7 89 4 231 1 
08:38 90 50 1 685 2 
08:38 136 30 4 23 8 
08:38 65 94 4 386 24 
08:38 141 48 4 564 8 
08:39 145 17 1 118 1 
08:39 16 33 5 256 8 
08:41 19 53 3 773 8 
08:43 67 42 6 273 4 
08:45 45 6 4 773 8 
08:47 86 69 5 788 1 
08:47 17 27 6 696 2 
08:48 88 19 5 426 24 
08:49 87 90 5 121 4 
08:49 136 64 2 3 2 
08:49 59 7 3 575 8 
08:49 44 66 2 201 4 
08:50 35 26 3 483 8 
08:50 29 46 6 487 4 
08:50 74 60 4 726 2 
08:51 59 84 4 473 24 
09:04 29 24 3 290 2 
09:08 143 51 1 352 2 
09:09 69 99 6 323 2 
09:09 111 40 3 79 4 
09:10 118 32 3 765 2 
09:11 42 61 4 610 1 
09:13 102 22 4 449 1 
09:14 126 40 3 685 4 
09:15 112 53 4 198 1 
09:16 52 5 4 688 1 
09:17 94 63 4 175 4 
09:19 123 20 2 461 1 
09:20 70 3 3 791 1 
09:21 20 30 2 176 24 
09:23 114 72 6 512 1 
09:25 100 60 1 480 1 
09:27 13 99 1 300 24 
09:29 57 76 4 226 2 
09:30 63 18 2 293 2 
09:31 116 51 3 58 2 
09:32 134 58 5 392 4 
09:33 123 60 2 789 1 
09:34 30 74 6 670 1 
09:34 67 93 4 211 8 
09:34 149 20 2 268 8 
09:34 7 61 3 320 2 
09:34 98 47 4 328 8 
09:35 140 49 1 82 4 
09:35 137 93 3 219 8 
09:36 116 41 5 498 8 
09:36 66 10 6 7 4 
09:36 100 16 4 529 1 
09:37 21 70 1 305 8 
09:39 99 70 4 142 24 
09:40 112 24 5 764 1 
09:41 79 11 1 544 2 
09:43 69 53 6 42 4 
09:45 83 12 3 575 1 
09:47 143 73 3 169 8 
09:49 74 31 5 336 8 
09:49 123 51 1 407 4 
09:50 61 17 6 555 8 
09:51 0 27 2 72 1 
09:52 133 39 5 661 8 
09:52 95 63 5 547 1 
09:53 103 40 2 431 2 
09:55 49 58 4 180 1 
09:55 77 26 5 368 1 
09:55 126 92 4 556 1 
09:55 52 26 6 687 8 
09:55 146 63 6 502 2 
09:55 123 91 3 335 4 
09:57 133 64 4 101 8 
09:58 149 30 3 80 4 
09:59 40 48 2 25 2 
